2.5 2.5 0 
2.5528 2.54331 -0.0028213 
2.60561 2.58663 -0.00564261 
2.65841 2.62994 -0.00846391 
2.71121 2.67326 -0.0112852 
2.76401 2.71657 -0.0141065 
2.81682 2.75988 -0.0169278 
2.86962 2.8032 -0.0197491 
2.92242 2.84651 -0.0225704 
2.97523 2.88983 -0.0253917 
3.02803 2.93314 -0.028213 
3.08083 2.97646 -0.0310343 
3.13363 3.01977 -0.0338556 
3.18644 3.06308 -0.0366769 
3.23924 3.1064 -0.0394983 
3.29204 3.14971 -0.0423196 
3.35191 3.1811 -0.0419133 
3.41178 3.21249 -0.041507 
3.47165 3.24388 -0.0411008 
3.53151 3.27526 -0.0406945 
3.59138 3.30665 -0.0402883 
3.65125 3.33804 -0.039882 
3.71112 3.36943 -0.0394758 
3.71736 3.42866 -0.0410711 
3.72359 3.48789 -0.0426665 
3.72983 3.54712 -0.0442618 
3.73606 3.60635 -0.0458572 
3.7423 3.66558 -0.0474526 
3.68501 3.67962 -0.0590201 
3.62773 3.69367 -0.0705877 
3.57044 3.70772 -0.0821553 
3.50464 3.71069 -0.0799138 
3.43884 3.71367 -0.0776723 
3.37304 3.71664 -0.0754308 
3.30724 3.71962 -0.0731893 
3.24144 3.72259 -0.0709478 
3.17564 3.72557 -0.0687063 
3.10984 3.72854 -0.0664649 
3.03981 3.72918 -0.065775 
2.96978 3.72982 -0.0650852 
2.89975 3.73045 -0.0643954 
2.82972 3.73109 -0.0637056 
2.75969 3.73172 -0.0630158 
2.68966 3.73236 -0.0623259 
2.61963 3.733 -0.0616361 
2.5496 3.73363 -0.0609463 
2.47958 3.73427 -0.0602565 
2.40955 3.73491 -0.0595666 
2.33952 3.73554 -0.0588768 
2.26949 3.73618 -0.058187 
2.19998 3.73792 -0.0576098 
2.13047 3.73966 -0.0570325 
2.06096 3.74141 -0.0564553 
1.99145 3.74315 -0.055878 
1.92194 3.74489 -0.0553008 
1.85243 3.74663 -0.0547235 
1.78292 3.74837 -0.0541463 
1.71341 3.75011 -0.053569 
1.6439 3.75185 -0.0529918 
1.57439 3.75359 -0.0524145 
1.51686 3.74109 -0.0519263 
1.45933 3.72859 -0.051438 
1.4018 3.71609 -0.0509498 
1.34427 3.70359 -0.0504615 
1.31944 3.65816 -0.0561963 
1.29461 3.61273 -0.0619311 
1.26978 3.5673 -0.0676658 
1.26895 3.50213 -0.0711364 
1.26812 3.43696 -0.0746069 
1.26729 3.3718 -0.0780775 
1.26647 3.30663 -0.0815481 
1.26564 3.24146 -0.0850186 
1.26481 3.17629 -0.0884892 
1.26398 3.11112 -0.0919597 
1.26315 3.04595 -0.0954303 
1.26232 2.98079 -0.0989008 
1.26123 2.91146 -0.099382 
1.26013 2.84214 -0.0998631 
1.25904 2.77282 -0.100344 
1.25795 2.7035 -0.100825 
1.25685 2.63417 -0.101307 
1.25576 2.56485 -0.101788 
1.25466 2.49553 -0.102269 
1.25357 2.4262 -0.10275 
1.25247 2.35688 -0.103231 
1.25138 2.28756 -0.103712 
1.25029 2.21824 -0.104194 
1.24919 2.14891 -0.104675 
1.24704 2.08428 -0.106355 
1.24488 2.01965 -0.108036 
1.24273 1.95502 -0.109717 
1.24057 1.89039 -0.111398 
1.23842 1.82575 -0.113078 
1.23626 1.76112 -0.114759 
1.23411 1.69649 -0.11644 
1.23195 1.63186 -0.118121 
1.2298 1.56723 -0.119801 
1.25905 1.50367 -0.123636 
1.28831 1.44011 -0.127471 
1.31756 1.37655 -0.131306 
1.34682 1.31299 -0.13514 
1.40387 1.29607 -0.137902 
1.46093 1.27915 -0.140664 
1.51798 1.26223 -0.143426 
1.57504 1.24532 -0.146188 
1.63625 1.24969 -0.14914 
1.69747 1.25407 -0.152092 
1.75869 1.25845 -0.155043 
1.81991 1.26283 -0.157995 
1.88113 1.26721 -0.160947 
1.9463 1.26364 -0.161609 
2.01146 1.26007 -0.162271 
2.07663 1.2565 -0.162933 
2.14179 1.25293 -0.163595 
2.20696 1.24936 -0.164257 
2.27212 1.24579 -0.16492 
2.33729 1.24222 -0.165582 
2.40245 1.23865 -0.166244 
2.46612 1.2285 -0.177122 
2.5298 1.21836 -0.188001 
2.59347 1.20821 -0.19888 
2.65714 1.19807 -0.209758 
2.72081 1.18793 -0.220637 
2.72161 1.1421 -0.246873 
2.72242 1.09626 -0.27311 
2.72322 1.05043 -0.299346 
2.72402 1.0046 -0.325583 
2.72482 0.958774 -0.35182 
2.70042 0.909723 -0.377079 
2.67602 0.860672 -0.402338 
2.65162 0.811621 -0.427597 
2.60512 0.790477 -0.426571 
2.55862 0.769333 -0.425545 
2.51212 0.748189 -0.424519 
2.44251 0.745634 -0.425196 
2.37289 0.74308 -0.425873 
2.30328 0.740526 -0.42655 
2.23366 0.737971 -0.427227 
2.16405 0.735417 -0.427903 
2.09443 0.732863 -0.42858 
2.02482 0.730309 -0.429257 
1.9552 0.727754 -0.429934 
1.88559 0.7252 -0.430611 
1.81598 0.722646 -0.431288 
1.74636 0.720091 -0.431965 
1.67675 0.717537 -0.432641 
1.60713 0.714983 -0.433318 
1.53752 0.712428 -0.433995 
1.4679 0.709874 -0.434672 
1.39829 0.70732 -0.435349 
1.32867 0.704765 -0.436026 
1.26948 0.718606 -0.434402 
1.21029 0.732447 -0.432779 
1.1511 0.746288 -0.431155 
1.09191 0.760129 -0.429531 
1.03272 0.77397 -0.427908 
0.973533 0.78781 -0.426284 
0.914343 0.801651 -0.42466 
0.867959 0.831906 -0.445996 
0.821575 0.86216 -0.467331 
0.800196 0.924907 -0.485683 
0.778816 0.987654 -0.504035 
0.757437 1.0504 -0.522387 
0.736057 1.11315 -0.540739 
0.714678 1.1759 -0.559091 
0.71911 1.24561 -0.559505 
0.723542 1.31532 -0.559919 
0.727974 1.38503 -0.560333 
0.732406 1.45475 -0.560747 
0.736838 1.52446 -0.561161 
0.74127 1.59417 -0.561575 
0.745703 1.66389 -0.561989 
0.750135 1.7336 -0.562403 
0.754567 1.80331 -0.562817 
0.758999 1.87303 -0.563231 
0.763431 1.94274 -0.563644 
0.767863 2.01245 -0.564058 
0.772295 2.08217 -0.564472 
0.773164 2.14731 -0.563956 
0.774033 2.21246 -0.563439 
0.774902 2.2776 -0.562923 
0.775771 2.34275 -0.562406 
0.77664 2.40789 -0.561889 
0.777509 2.47304 -0.561373 
0.778378 2.53819 -0.560856 
0.779247 2.60333 -0.56034 
0.773346 2.6708 -0.560483 
0.767446 2.73827 -0.560626 
0.761546 2.80574 -0.560769 
0.755645 2.87321 -0.560912 
0.749745 2.94068 -0.561055 
0.743844 3.00815 -0.561198 
0.737944 3.07562 -0.561341 
0.732044 3.14309 -0.561484 
0.726143 3.21056 -0.561627 
0.731538 3.27964 -0.563732 
0.736933 3.34871 -0.565837 
0.742328 3.41778 -0.567942 
0.747723 3.48685 -0.570047 
0.753118 3.55593 -0.572152 
0.758513 3.625 -0.574257 
0.763908 3.69407 -0.576362 
0.769303 3.76314 -0.578467 
0.774697 3.83222 -0.580572 
0.780092 3.90129 -0.582678 
0.785487 3.97036 -0.584783 
0.790882 4.03943 -0.586888 
0.796277 4.1085 -0.588993 
0.801672 4.17758 -0.591098 
0.868866 4.18922 -0.590516 
0.93606 4.20086 -0.589935 
1.00325 4.2125 -0.589354 
1.07045 4.22414 -0.588772 
1.13734 4.23161 -0.595601 
1.20423 4.23908 -0.60243 
1.27112 4.24655 -0.609259 
1.33801 4.25402 -0.616087 
1.4049 4.26149 -0.622916 
1.47179 4.26897 -0.629745 
1.54192 4.26549 -0.630012 
1.61205 4.26202 -0.630279 
1.68218 4.25855 -0.630546 
1.75231 4.25508 -0.630814 
1.82244 4.2516 -0.631081 
1.89257 4.24813 -0.631348 
1.9627 4.24466 -0.631615 
2.03283 4.24119 -0.631883 
2.10296 4.23771 -0.63215 
2.17309 4.23424 -0.632417 
2.24322 4.23077 -0.632684 
2.31335 4.2273 -0.632952 
2.38348 4.22382 -0.633219 
2.45362 4.22035 -0.633486 
2.52375 4.21688 -0.633753 
2.59262 4.21789 -0.634798 
2.66149 4.2189 -0.635842 
2.73036 4.2199 -0.636886 
2.79923 4.22091 -0.637931 
2.8681 4.22192 -0.638975 
2.93697 4.22293 -0.640019 
3.00584 4.22394 -0.641063 
3.07471 4.22495 -0.642108 
3.14358 4.22596 -0.643152 
3.21245 4.22697 -0.644196 
3.28132 4.22797 -0.645241 
3.34808 4.22819 -0.644272 
3.41484 4.2284 -0.643303 
3.4816 4.22861 -0.642334 
3.54836 4.22883 -0.641365 
3.61512 4.22904 -0.640396 
3.68188 4.22926 -0.639427 
3.74864 4.22947 -0.638458 
3.81539 4.22968 -0.637489 
3.88215 4.2299 -0.63652 
3.94891 4.23011 -0.635552 
4.01567 4.23032 -0.634583 
4.08243 4.23054 -0.633614 
4.12808 4.20246 -0.642738 
4.17372 4.17438 -0.651863 
4.21937 4.1463 -0.660988 
4.21871 4.07941 -0.674164 
4.21805 4.01252 -0.687341 
4.21739 3.94563 -0.700517 
4.21673 3.87874 -0.713694 
4.21607 3.81185 -0.726871 
4.21541 3.74497 -0.740047 
4.21475 3.67808 -0.753224 
4.21409 3.61119 -0.7664 
4.21343 3.5443 -0.779577 
4.22207 3.47955 -0.788022 
4.23071 3.4148 -0.796468 
4.23935 3.35005 -0.804914 
4.24799 3.2853 -0.813359 
4.25663 3.22055 -0.821805 
4.26527 3.15579 -0.83025 
4.27391 3.09104 -0.838696 
4.28254 3.02629 -0.847142 
4.29118 2.96154 -0.855587 
4.29982 2.89679 -0.864033 
4.30846 2.83204 -0.872479 
4.37095 2.80403 -0.875583 
4.43344 2.77603 -0.878687 
4.49593 2.74803 -0.881791 
4.55841 2.72002 -0.884895 
4.6209 2.69202 -0.887999 
4.68339 2.66401 -0.891103 
4.74588 2.63601 -0.894207 
4.74499 2.56938 -0.894518 
4.74409 2.50275 -0.894829 
4.7432 2.43613 -0.89514 
4.74231 2.3695 -0.895452 
4.74142 2.30287 -0.895763 
4.74053 2.23625 -0.896074 
4.73964 2.16962 -0.896385 
4.73875 2.10299 -0.896696 
4.73786 2.03637 -0.897007 
4.73696 1.96974 -0.897319 
4.73607 1.90311 -0.89763 
4.73518 1.83649 -0.897941 
4.73429 1.76986 -0.898252 
4.7334 1.70323 -0.898563 
4.73251 1.63661 -0.898874 
4.73162 1.56998 -0.899186 
4.73073 1.50335 -0.899497 
4.73144 1.43662 -0.912492 
4.73216 1.36988 -0.925487 
4.73287 1.30315 -0.938482 
4.73359 1.23641 -0.951478 
4.7343 1.16968 -0.964473 
4.73502 1.10295 -0.977468 
4.73573 1.03621 -0.990463 
4.73645 0.969478 -1.00346 
4.73716 0.902743 -1.01645 
4.73788 0.836009 -1.02945 
4.73324 0.76871 -1.03202 
4.7286 0.701411 -1.0346 
4.72396 0.634112 -1.03717 
4.71933 0.566813 -1.03974 
4.71469 0.499514 -1.04231 
4.71005 0.432215 -1.04489 
4.70541 0.364916 -1.04746 
4.70077 0.297616 -1.05003 
4.63339 0.292642 -1.05412 
4.56601 0.287667 -1.05821 
4.49862 0.282692 -1.0623 
4.43124 0.277718 -1.06638 
4.36385 0.272743 -1.07047 
4.29647 0.267768 -1.07456 
4.22909 0.262793 -1.07865 
4.1617 0.257819 -1.08273 
4.09432 0.252844 -1.08682 
4.02694 0.247869 -1.09091 
3.95955 0.242894 -1.095 
3.89217 0.23792 -1.09909 
3.82478 0.232945 -1.10317 
3.7574 0.22797 -1.10726 
3.69002 0.222996 -1.11135 
3.62263 0.218021 -1.11544 
3.55525 0.213046 -1.11952 
3.4846 0.21351 -1.13056 
3.41395 0.213973 -1.14161 
3.34331 0.214436 -1.15265 
3.27266 0.2149 -1.16369 
3.20201 0.215363 -1.17473 
3.13136 0.215826 -1.18577 
3.06072 0.21629 -1.19681 
2.99007 0.216753 -1.20785 
2.91942 0.217217 -1.21889 
2.84877 0.21768 -1.22994 
2.77813 0.218143 -1.24098 
2.70748 0.218607 -1.25202 
2.63683 0.21907 -1.26306 
2.56618 0.219534 -1.2741 
2.49554 0.219997 -1.28514 
2.42489 0.22046 -1.29618 
2.355 0.224297 -1.2967 
2.28511 0.228133 -1.29722 
2.21522 0.231969 -1.29773 
2.14533 0.235805 -1.29825 
2.07544 0.239641 -1.29877 
2.00555 0.243477 -1.29928 
1.93566 0.247314 -1.2998 
1.86577 0.25115 -1.30032 
1.79588 0.254986 -1.30083 
1.72599 0.258822 -1.30135 
1.6557 0.258402 -1.31418 
1.58542 0.257982 -1.32701 
1.51513 0.257562 -1.33984 
1.44485 0.257142 -1.35267 
1.37456 0.256722 -1.3655 
1.30428 0.256302 -1.37833 
1.23399 0.255881 -1.39117 
1.16371 0.255461 -1.404 
1.09342 0.255041 -1.41683 
1.02314 0.254621 -1.42966 
0.952852 0.254201 -1.44249 
0.882567 0.253781 -1.45532 
0.812282 0.253361 -1.46815 
0.741997 0.252941 -1.48098 
0.671711 0.252521 -1.49381 
0.601426 0.252101 -1.50664 
0.531141 0.25168 -1.51947 
0.460856 0.25126 -1.5323 
0.39057 0.25084 -1.54513 
0.320285 0.25042 -1.55797 
0.25 0.25 -1.5708 

0.25 0.25 -1.5708