2.5 2.5 0 
2.50036 2.50678 0.0313746 
2.50071 2.51357 0.0627491 
2.50107 2.52035 0.0941237 
2.50142 2.52713 0.125498 
2.50178 2.53391 0.156873 
2.50213 2.5407 0.188247 
2.50249 2.54748 0.219622 
2.50284 2.55426 0.250996 
2.5032 2.56104 0.282371 
2.50355 2.56783 0.313746 
2.50391 2.57461 0.34512 
2.50426 2.58139 0.376495 
2.50462 2.58817 0.407869 
2.50497 2.59496 0.439244 
2.50533 2.60174 0.470618 
2.50568 2.60852 0.501993 
2.50604 2.6153 0.533367 
2.50639 2.62209 0.564742 
2.50675 2.62887 0.596116 
2.5071 2.63565 0.627491 
2.50746 2.64243 0.658866 
2.50781 2.64922 0.69024 
2.50817 2.656 0.721615 
2.50852 2.66278 0.752989 
2.50888 2.66956 0.784364 
2.50923 2.67635 0.815738 
2.50959 2.68313 0.847113 
2.50994 2.68991 0.878487 
2.5103 2.69669 0.909862 
2.51065 2.70348 0.941237 
2.51101 2.71026 0.972611 
2.51136 2.71704 1.00399 
2.51172 2.72382 1.03536 
2.51207 2.73061 1.06673 
2.51243 2.73739 1.09811 
2.51278 2.74417 1.12948 
2.51314 2.75095 1.16086 
2.51349 2.75774 1.19223 
2.51385 2.76452 1.22361 
2.51421 2.7713 1.25498 
2.51456 2.77808 1.28636 
2.51492 2.78487 1.31773 
2.51527 2.79165 1.34911 
2.51563 2.79843 1.38048 
2.51598 2.80521 1.41185 
2.51634 2.812 1.44323 
2.51669 2.81878 1.4746 
2.51705 2.82556 1.50598 
2.5174 2.83234 1.53735 
2.51776 2.83913 1.56873 
2.51811 2.84591 1.6001 
2.51847 2.85269 1.63148 
2.51882 2.85948 1.66285 
2.51918 2.86626 1.69423 
2.51953 2.87304 1.7256 
2.51989 2.87982 1.75697 
2.52024 2.88661 1.78835 
2.5206 2.89339 1.81972 
2.52095 2.90017 1.8511 
2.52131 2.90695 1.88247 
2.52166 2.91374 1.91385 
2.52202 2.92052 1.94522 
2.52237 2.9273 1.9766 
2.52273 2.93408 2.00797 
2.52308 2.94087 2.03935 
2.52344 2.94765 2.07072 
2.52379 2.95443 2.1021 
2.52415 2.96121 2.13347 
2.5245 2.968 2.16484 
2.52651 2.9706 2.19624 
2.52852 2.9732 2.22764 
2.53053 2.9758 2.25904 
2.53255 2.9784 2.29044 
2.53456 2.981 2.32184 
2.53657 2.98361 2.35324 
2.53858 2.98621 2.38464 
2.54059 2.98881 2.41604 
2.5426 2.99141 2.44744 
2.54461 2.99401 2.47884 
2.54662 2.99661 2.51024 
2.54863 2.99921 2.54164 
2.55064 3.00182 2.57304 
2.55265 3.00442 2.60444 
2.55466 3.00702 2.63583 
2.55667 3.00962 2.66723 
2.55868 3.01222 2.69863 
2.56069 3.01482 2.73003 
2.5627 3.01743 2.76143 
2.56471 3.02003 2.79283 
2.56672 3.02263 2.82423 
2.56873 3.02523 2.85563 
2.57074 3.02783 2.88703 
2.57275 3.03043 2.91843 
2.57476 3.03304 2.94983 
2.57677 3.03564 2.98123 
2.57878 3.03824 3.01263 
2.58079 3.04084 3.04403 
2.5828 3.04344 3.07543 
2.58481 3.04604 3.10682 
2.58682 3.04864 3.13822 
2.58883 3.05125 -3.11356 
2.59084 3.05385 -3.08216 
2.59285 3.05645 -3.05076 
2.59486 3.05905 -3.01936 
2.59687 3.06165 -2.98796 
2.59888 3.06425 -2.95657 
2.60089 3.06686 -2.92517 
2.60291 3.06946 -2.89377 
2.60492 3.07206 -2.86237 
2.60693 3.07466 -2.83097 
2.60894 3.07726 -2.79957 
2.61095 3.07986 -2.76817 
2.61296 3.08247 -2.73677 
2.61497 3.08507 -2.70537 
2.61698 3.08767 -2.67397 
2.61899 3.09027 -2.64257 
2.621 3.09287 -2.61117 
2.62301 3.09547 -2.57977 
2.62502 3.09807 -2.54837 
2.62703 3.10068 -2.51697 
2.62904 3.10328 -2.48557 
2.63105 3.10588 -2.45418 
2.63306 3.10848 -2.42278 
2.63507 3.11108 -2.39138 
2.63708 3.11368 -2.35998 
2.63909 3.11629 -2.32858 
2.6411 3.11889 -2.29718 
2.64311 3.12149 -2.26578 
2.64512 3.12409 -2.23438 
2.64713 3.12669 -2.20298 
2.64914 3.12929 -2.17158 
2.65115 3.13189 -2.14018 
2.65316 3.1345 -2.10878 
2.71894 3.14258 -2.09316 
2.78472 3.15066 -2.07754 
2.8505 3.15874 -2.06192 
2.91628 3.16682 -2.0463 
2.98206 3.1749 -2.03068 
3.04784 3.18298 -2.01506 
3.11362 3.19106 -1.99944 
3.1794 3.19914 -1.98382 
3.24518 3.20723 -1.9682 
3.31096 3.21531 -1.95258 
3.37674 3.22339 -1.93696 
3.44252 3.23147 -1.92134 
3.5083 3.23955 -1.90572 
3.57408 3.24763 -1.8901 
3.57844 3.25313 -1.85925 
3.5828 3.25864 -1.82841 
3.58716 3.26414 -1.79756 
3.59152 3.26964 -1.76671 
3.59588 3.27515 -1.73586 
3.60024 3.28065 -1.70502 
3.60461 3.28615 -1.67417 
3.60897 3.29166 -1.64332 
3.61333 3.29716 -1.61248 
3.61769 3.30267 -1.58163 
3.62205 3.30817 -1.55078 
3.62641 3.31367 -1.51993 
3.63077 3.31918 -1.48909 
3.63513 3.32468 -1.45824 
3.63949 3.33018 -1.42739 
3.64386 3.33569 -1.39654 
3.64822 3.34119 -1.3657 
3.65258 3.34669 -1.33485 
3.65694 3.3522 -1.304 
3.6613 3.3577 -1.27316 
3.66566 3.3632 -1.24231 
3.67002 3.36871 -1.21146 
3.67438 3.37421 -1.18061 
3.67874 3.37971 -1.14977 
3.68311 3.38522 -1.11892 
3.68747 3.39072 -1.08807 
3.69183 3.39623 -1.05723 
3.69619 3.40173 -1.02638 
3.70055 3.40723 -0.995532 
3.70491 3.41274 -0.964684 
3.70927 3.41824 -0.933837 
3.71363 3.42374 -0.90299 
3.718 3.42925 -0.872143 
3.72236 3.43475 -0.841296 
3.72672 3.44025 -0.810448 
3.73154 3.45078 -0.779724 
3.73636 3.4613 -0.749 
3.74119 3.47182 -0.718275 
3.74601 3.48234 -0.687551 
3.75084 3.49286 -0.656826 
3.75566 3.50339 -0.626102 
3.76048 3.51391 -0.595377 
3.76531 3.52443 -0.564653 
3.77013 3.53495 -0.533929 
3.77495 3.54547 -0.503204 
3.77978 3.55599 -0.47248 
3.7846 3.56652 -0.441755 
3.78943 3.57704 -0.411031 
3.7801 3.62775 -0.405854 
3.77077 3.67845 -0.400676 
3.76145 3.72916 -0.395499 
3.69665 3.73145 -0.41327 
3.63186 3.73374 -0.431041 
3.56706 3.73603 -0.448813 
3.50227 3.73832 -0.466584 
3.43747 3.74061 -0.484355 
3.37268 3.7429 -0.502126 
3.30789 3.74519 -0.519897 
3.24309 3.74748 -0.537668 
3.1765 3.74637 -0.534798 
3.10992 3.74526 -0.531928 
3.04333 3.74415 -0.529058 
2.97675 3.74304 -0.526188 
2.91016 3.74193 -0.523318 
2.84358 3.74082 -0.520448 
2.77699 3.73971 -0.517578 
2.76921 3.7405 -0.548976 
2.76143 3.74128 -0.580374 
2.75365 3.74206 -0.611772 
2.74588 3.74284 -0.643169 
2.7381 3.74362 -0.674567 
2.73032 3.7444 -0.705965 
2.72254 3.74518 -0.737363 
2.71476 3.74596 -0.768761 
2.70698 3.74674 -0.800159 
2.69921 3.74752 -0.831556 
2.69143 3.7483 -0.862954 
2.68365 3.74908 -0.894352 
2.67587 3.74986 -0.92575 
2.66809 3.75065 -0.957148 
2.66031 3.75143 -0.988545 
2.65254 3.75221 -1.01994 
2.64476 3.75299 -1.05134 
2.63698 3.75377 -1.08274 
2.6292 3.75455 -1.11414 
2.57162 3.76025 -1.12633 
2.51404 3.76595 -1.13853 
2.45645 3.77164 -1.15072 
2.39887 3.77734 -1.16292 
2.33255 3.77642 -1.14279 
2.26622 3.7755 -1.12266 
2.1999 3.77458 -1.10253 
2.13357 3.77365 -1.0824 
2.10462 3.77575 -1.05178 
2.07568 3.77785 -1.02115 
2.04673 3.77994 -0.990524 
2.01778 3.78204 -0.959898 
1.98883 3.78414 -0.929271 
1.95988 3.78624 -0.898644 
1.93093 3.78833 -0.868017 
1.90198 3.79043 -0.83739 
1.8604 3.78169 -0.80904 
1.81881 3.77294 -0.780689 
1.77722 3.7642 -0.752338 
1.73563 3.75545 -0.723987 
1.69404 3.74671 -0.695636 
1.65245 3.73797 -0.667285 
1.61086 3.72922 -0.638934 
1.56928 3.72048 -0.610583 
1.52769 3.71173 -0.582232 
1.48685 3.73218 -0.603368 
1.446 3.75263 -0.624503 
1.40516 3.77307 -0.645639 
1.39909 3.76653 -0.676392 
1.39301 3.76 -0.707146 
1.38693 3.75346 -0.737899 
1.38086 3.74692 -0.768653 
1.37478 3.74038 -0.799407 
1.3687 3.73384 -0.83016 
1.36263 3.7273 -0.860914 
1.35655 3.72076 -0.891668 
1.35047 3.71423 -0.922421 
1.3444 3.70769 -0.953175 
1.33832 3.70115 -0.983929 
1.33225 3.69461 -1.01468 
1.32617 3.68807 -1.04544 
1.32009 3.68153 -1.07619 
1.31402 3.67499 -1.10694 
1.30794 3.66846 -1.1377 
1.30186 3.66192 -1.16845 
1.29579 3.65538 -1.1992 
1.28971 3.64884 -1.22996 
1.28363 3.6423 -1.26071 
1.27756 3.63576 -1.29147 
1.27148 3.62923 -1.32222 
1.2654 3.62269 -1.35297 
1.25933 3.61615 -1.38373 
1.25325 3.60961 -1.41448 
1.24718 3.60307 -1.44523 
1.2411 3.59653 -1.47599 
1.23502 3.58999 -1.50674 
1.22895 3.58346 -1.53749 
1.22897 3.57254 -1.50621 
1.229 3.56162 -1.47493 
1.22902 3.5507 -1.44365 
1.22905 3.53978 -1.41237 
1.22907 3.52886 -1.38109 
1.2291 3.51794 -1.34981 
1.22912 3.50702 -1.31853 
1.22915 3.49611 -1.28724 
1.22917 3.48519 -1.25596 
1.2292 3.47427 -1.22468 
1.22922 3.46335 -1.1934 
1.22925 3.45243 -1.16212 
1.22927 3.44151 -1.13084 
1.2293 3.43059 -1.09956 
1.22932 3.41967 -1.06828 
1.22935 3.40876 -1.03699 
1.22937 3.39784 -1.00571 
1.2294 3.38692 -0.974431 
1.22942 3.376 -0.94315 
1.22945 3.36508 -0.911869 
1.22947 3.35416 -0.880587 
1.22988 3.33904 -0.851563 
1.23028 3.32392 -0.822539 
1.23069 3.3088 -0.793515 
1.2311 3.29368 -0.764491 
1.2315 3.27856 -0.735467 
1.23191 3.26344 -0.706443 
1.23232 3.24831 -0.677419 
1.23272 3.23319 -0.648395 
1.23313 3.21807 -0.619371 
1.23354 3.20295 -0.590347 
1.23394 3.18783 -0.561323 
1.23435 3.17271 -0.532299 
1.23476 3.15759 -0.503275 
1.25359 3.15476 -0.527237 
1.27242 3.15194 -0.551199 
1.29126 3.14912 -0.575161 
1.31009 3.14629 -0.599124 
1.30037 3.08248 -0.621319 
1.29064 3.01866 -0.643515 
1.28092 2.95485 -0.665711 
1.27119 2.89103 -0.687906 
1.26146 2.82722 -0.710102 
1.25117 2.76112 -0.707193 
1.24087 2.69502 -0.704285 
1.23058 2.62892 -0.701376 
1.22028 2.56282 -0.698467 
1.20999 2.49672 -0.695558 
1.19969 2.43062 -0.69265 
1.1894 2.36452 -0.689741 
1.21644 2.30812 -0.674546 
1.24349 2.25171 -0.659351 
1.27053 2.1953 -0.644156 
1.29758 2.1389 -0.628962 
1.28917 2.13277 -0.597682 
1.28077 2.12665 -0.566402 
1.27236 2.12052 -0.535122 
1.26396 2.1144 -0.503842 
1.25555 2.10827 -0.472562 
1.24715 2.10215 -0.441282 
1.23875 2.09602 -0.410001 
1.23034 2.08989 -0.378721 
1.22194 2.08377 -0.347441 
1.21353 2.07764 -0.316161 
1.20513 2.07152 -0.284881 
1.21795 2.00476 -0.292472 
1.23078 1.938 -0.300063 
1.24361 1.87124 -0.307654 
1.25643 1.80448 -0.315245 
1.26926 1.73773 -0.322836 
1.26397 1.71423 -0.292425 
1.25869 1.69073 -0.262014 
1.2534 1.66723 -0.231602 
1.24812 1.64373 -0.201191 
1.24283 1.62023 -0.17078 
1.23754 1.59673 -0.140369 
1.23226 1.57323 -0.109957 
1.22697 1.54973 -0.0795462 
1.22169 1.52623 -0.049135 
1.2164 1.50274 -0.0187237 
1.21112 1.47924 0.0116875 
1.20583 1.45574 0.0420987 
1.20055 1.43224 0.0725099 
1.19526 1.40874 0.102921 
1.18998 1.38524 0.133332 
1.23268 1.36467 0.16217 
1.27538 1.34411 0.191007 
1.31808 1.32354 0.219844 
1.36078 1.30297 0.248682 
1.40348 1.2824 0.277519 
1.44619 1.26184 0.306356 
1.48746 1.26093 0.3368 
1.52873 1.26002 0.367244 
1.57 1.25912 0.397688 
1.59907 1.26142 0.428805 
1.62815 1.26372 0.459921 
1.65722 1.26602 0.491038 
1.6863 1.26833 0.522154 
1.71537 1.27063 0.553271 
1.74445 1.27293 0.584388 
1.77352 1.27524 0.615504 
1.8026 1.27754 0.646621 
1.83167 1.27984 0.677737 
1.86075 1.28214 0.708854 
1.88982 1.28445 0.739971 
1.90637 1.2828 0.770466 
1.92291 1.28116 0.800961 
1.93946 1.27951 0.831457 
1.956 1.27787 0.861952 
1.97255 1.27623 0.892447 
1.98909 1.27458 0.922943 
2.00564 1.27294 0.953438 
2.02218 1.27129 0.983934 
2.03873 1.26965 1.01443 
2.05527 1.26801 1.04492 
2.07182 1.26636 1.07542 
2.08836 1.26472 1.10592 
2.10491 1.26308 1.13641 
2.12145 1.26143 1.16691 
2.138 1.25979 1.1974 
2.20644 1.25842 1.18521 
2.27489 1.25705 1.17303 
2.34333 1.25568 1.16084 
2.41178 1.25431 1.14865 
2.48022 1.25294 1.13647 
2.49503 1.25289 1.10801 
2.50984 1.25285 1.07955 
2.52465 1.2528 1.05109 
2.53946 1.25276 1.02263 
2.55427 1.25271 0.994172 
2.56909 1.25267 0.965713 
2.5839 1.25262 0.937254 
2.59871 1.25258 0.908795 
2.61352 1.25253 0.880336 
2.65009 1.24814 0.907482 
2.68666 1.24376 0.934628 
2.72323 1.23937 0.961774 
2.7598 1.23498 0.988919 
2.79637 1.23059 1.01607 
2.7937 1.206 1.04747 
2.79103 1.18141 1.07888 
2.78837 1.15682 1.11029 
2.7857 1.13223 1.1417 
2.78303 1.10764 1.17311 
2.78036 1.08305 1.20452 
2.77769 1.05846 1.23593 
2.77503 1.03388 1.26733 
2.77236 1.00929 1.29874 
2.76969 0.984697 1.33015 
2.76702 0.960107 1.36156 
2.76435 0.935518 1.39297 
2.76169 0.910928 1.42438 
2.75902 0.886339 1.45579 
2.75635 0.86175 1.48719 
2.75368 0.83716 1.5186 
2.75101 0.812571 1.55001 
2.74835 0.787981 1.58142 
2.74568 0.763392 1.61283 
2.68661 0.772244 1.61314 
2.62754 0.781096 1.61346 
2.60311 0.778216 1.64412 
2.57868 0.775336 1.67478 
2.55425 0.772456 1.70544 
2.52981 0.769576 1.7361 
2.50538 0.766697 1.76676 
2.48095 0.763817 1.79742 
2.45652 0.760937 1.82808 
2.43209 0.758057 1.85874 
2.40766 0.755177 1.88939 
2.38322 0.752297 1.92005 
2.35879 0.749418 1.95071 
2.33436 0.746538 1.98137 
2.30993 0.743658 2.01203 
2.24802 0.738311 1.99894 
2.18611 0.732964 1.98586 
2.1242 0.727616 1.97277 
2.1004 0.72543 2.00167 
2.0766 0.723243 2.03058 
2.05281 0.721056 2.05948 
2.02901 0.718869 2.08839 
2.00521 0.716683 2.11729 
1.98141 0.714496 2.1462 
1.95761 0.712309 2.1751 
1.93382 0.710122 2.204 
1.91002 0.707936 2.23291 
1.88622 0.705749 2.26181 
1.86242 0.703562 2.29072 
1.84313 0.713059 2.26026 
1.82384 0.722556 2.22979 
1.80456 0.732053 2.19933 
1.78527 0.74155 2.16886 
1.76598 0.751048 2.1384 
1.74669 0.760545 2.10794 
1.7274 0.770042 2.07747 
1.70811 0.779539 2.04701 
1.68882 0.789036 2.01655 
1.66954 0.798533 1.98608 
1.65025 0.80803 1.95562 
1.63096 0.817527 1.92516 
1.62904 0.813772 1.8939 
1.62713 0.810016 1.86265 
1.62521 0.806261 1.83139 
1.6233 0.802505 1.80014 
1.62138 0.79875 1.76888 
1.61947 0.794994 1.73763 
1.61755 0.791239 1.70638 
1.61564 0.787484 1.67512 
1.61373 0.783728 1.64387 
1.61181 0.779973 1.61261 
1.6099 0.776217 1.58136 
1.60798 0.772462 1.5501 
1.60607 0.768706 1.51885 
1.60415 0.764951 1.48759 
1.60224 0.761195 1.45634 
1.60032 0.75744 1.42509 
1.59841 0.753684 1.39383 
1.59649 0.749929 1.36258 
1.59458 0.746173 1.33132 
1.59266 0.742418 1.30007 
1.59075 0.738662 1.26881 
1.58883 0.734907 1.23756 
1.58692 0.731151 1.2063 
1.51693 0.731329 1.20213 
1.44695 0.731506 1.19796 
1.37697 0.731683 1.19379 
1.30698 0.731861 1.18961 
1.237 0.732038 1.18544 
1.16702 0.732215 1.18127 
1.09704 0.732393 1.17709 
1.09005 0.740653 1.1999 
1.08306 0.748913 1.22271 
1.07607 0.757173 1.24552 
1.00814 0.751262 1.25479 
0.940211 0.745351 1.26406 
0.872284 0.73944 1.27333 
0.804356 0.733529 1.2826 
0.736429 0.727618 1.29187 
0.733329 0.792952 1.29303 
0.73023 0.858286 1.29419 
0.727131 0.92362 1.29536 
0.724032 0.988954 1.29652 
0.720932 1.05429 1.29768 
0.717833 1.11962 1.29884 
0.714734 1.18496 1.30001 
0.711635 1.25029 1.30117 
0.708536 1.31562 1.30233 
0.712174 1.35417 1.33206 
0.715812 1.39271 1.3618 
0.71945 1.43125 1.39153 
0.723088 1.46979 1.42126 
0.726726 1.50834 1.451 
0.730364 1.54688 1.48073 
0.734002 1.58542 1.51046 
0.73764 1.62396 1.54019 
0.741278 1.66251 1.56993 
0.741126 1.68233 1.53941 
0.740975 1.70215 1.5089 
0.740823 1.72197 1.47838 
0.740672 1.7418 1.44787 
0.740521 1.76162 1.41735 
0.740369 1.78144 1.38684 
0.740218 1.80127 1.35632 
0.740066 1.82109 1.32581 
0.739915 1.84091 1.29529 
0.739763 1.86074 1.26478 
0.739612 1.88056 1.23426 
0.739461 1.90038 1.20375 
0.739309 1.9202 1.17323 
0.739158 1.94003 1.14272 
0.739006 1.95985 1.1122 
0.722861 2.02012 1.08755 
0.706716 2.08038 1.0629 
0.715768 2.14178 1.0708 
0.72482 2.20317 1.0787 
0.733872 2.26456 1.0866 
0.742924 2.32595 1.0945 
0.751976 2.38735 1.1024 
0.761028 2.44874 1.1103 
0.760822 2.46175 1.08061 
0.760616 2.47476 1.05092 
0.76041 2.48777 1.02123 
0.760205 2.50078 0.991541 
0.759999 2.51379 0.96185 
0.759793 2.5268 0.93216 
0.759587 2.53981 0.902469 
0.759382 2.55282 0.872779 
0.759176 2.56583 0.843088 
0.75897 2.57884 0.813397 
0.758764 2.59185 0.783707 
0.758558 2.60486 0.754016 
0.755616 2.64287 0.784288 
0.752674 2.68089 0.814561 
0.749732 2.71891 0.844833 
0.746791 2.75692 0.875105 
0.743849 2.79494 0.905377 
0.744471 2.79657 0.874179 
0.745093 2.79821 0.842981 
0.745716 2.79985 0.811782 
0.746338 2.80148 0.780584 
0.74696 2.80312 0.749386 
0.747583 2.80475 0.718187 
0.748205 2.80639 0.686989 
0.748827 2.80803 0.655791 
0.74945 2.80966 0.624593 
0.750072 2.8113 0.593394 
0.750695 2.81293 0.562196 
0.751317 2.81457 0.530998 
0.751939 2.81621 0.499799 
0.752562 2.81784 0.468601 
0.753184 2.81948 0.437403 
0.753806 2.82111 0.406205 
0.754429 2.82275 0.375006 
0.755051 2.82439 0.343808 
0.755673 2.82602 0.31261 
0.756296 2.82766 0.281411 
0.76059 2.87168 0.252575 
0.764885 2.9157 0.223738 
0.769179 2.95972 0.194902 
0.773473 3.00374 0.166065 
0.774971 3.02134 0.196089 
0.776468 3.03895 0.226113 
0.777966 3.05655 0.256137 
0.779463 3.07416 0.28616 
0.780961 3.09176 0.316184 
0.782458 3.10937 0.346208 
0.783956 3.12697 0.376232 
0.772902 3.15997 0.34734 
0.761849 3.19297 0.318448 
0.750796 3.22597 0.289557 
0.739743 3.25896 0.260665 
0.728689 3.29196 0.231774 
0.717636 3.32496 0.202882 
0.729017 3.3391 0.233359 
0.740399 3.35324 0.263836 
0.75178 3.36737 0.294312 
0.763161 3.38151 0.324789 
0.774543 3.39565 0.355266 
0.773753 3.46022 0.359626 
0.772963 3.52478 0.363986 
0.772173 3.58935 0.368345 
0.771383 3.65392 0.372705 
0.770593 3.71849 0.377065 
0.768199 3.74128 0.346663 
0.765805 3.76406 0.316261 
0.763411 3.78685 0.285859 
0.761017 3.80963 0.255457 
0.758623 3.83242 0.225056 
0.756229 3.85521 0.194654 
0.753834 3.87799 0.164252 
0.75144 3.90078 0.13385 
0.750667 3.91612 0.102905 
0.749893 3.93146 0.07196 
0.749119 3.9468 0.0410148 
0.748345 3.96214 0.0100696 
0.747571 3.97748 -0.0208756 
0.746797 3.99282 -0.0518208 
0.746024 4.00816 -0.0827659 
0.74525 4.0235 -0.113711 
0.744476 4.03884 -0.144656 
0.743702 4.05418 -0.175601 
0.742928 4.06952 -0.206547 
0.742154 4.08486 -0.237492 
0.74138 4.1002 -0.268437 
0.740607 4.11554 -0.299382 
0.739833 4.13088 -0.330327 
0.739059 4.14622 -0.361273 
0.738285 4.16156 -0.392218 
0.737511 4.1769 -0.423163 
0.736737 4.19224 -0.454108 
0.735964 4.20758 -0.485053 
0.73519 4.22292 -0.515998 
0.734416 4.23826 -0.546944 
0.733642 4.2536 -0.577889 
0.803223 4.24911 -0.578416 
0.872803 4.24461 -0.578943 
0.942384 4.24011 -0.579471 
1.01196 4.23562 -0.579998 
1.0332 4.23716 -0.610563 
1.05444 4.23871 -0.641128 
1.07567 4.24026 -0.671694 
1.09691 4.2418 -0.702259 
1.11815 4.24335 -0.732825 
1.13938 4.24489 -0.76339 
1.16062 4.24644 -0.793955 
1.18186 4.24799 -0.824521 
1.20309 4.24953 -0.855086 
1.22433 4.25108 -0.885651 
1.24557 4.25263 -0.916217 
1.2668 4.25417 -0.946782 
1.28804 4.25572 -0.977348 
1.35636 4.26012 -0.985288 
1.42469 4.26452 -0.993229 
1.49301 4.26892 -1.00117 
1.56134 4.27333 -1.00911 
1.62966 4.27773 -1.01705 
1.69799 4.28213 -1.02499 
1.76631 4.28653 -1.03293 
1.76681 4.2844 -1.00184 
1.7673 4.28227 -0.970754 
1.7678 4.28015 -0.939666 
1.7683 4.27802 -0.908577 
1.76879 4.27589 -0.877489 
1.76929 4.27376 -0.8464 
1.76978 4.27164 -0.815312 
1.77028 4.26951 -0.784224 
1.77078 4.26738 -0.753135 
1.77127 4.26525 -0.722047 
1.77177 4.26313 -0.690958 
1.77227 4.261 -0.65987 
1.77276 4.25887 -0.628781 
1.77326 4.25674 -0.597693 
1.77376 4.25462 -0.566605 
1.77425 4.25249 -0.535516 
1.77475 4.25036 -0.504428 
1.77525 4.24823 -0.473339 
1.77574 4.24611 -0.442251 
1.83409 4.24318 -0.41607 
1.89244 4.24026 -0.389889 
1.95079 4.23734 -0.363708 
2.00914 4.23442 -0.337527 
2.06749 4.23149 -0.311346 
2.13765 4.2275 -0.286213 
2.20781 4.2235 -0.261079 
2.27796 4.21951 -0.235946 
2.34812 4.21551 -0.210812 
2.41828 4.21152 -0.185679 
2.47987 4.21604 -0.176793 
2.54147 4.22056 -0.167908 
2.60306 4.22509 -0.159023 
2.66465 4.22961 -0.150138 
2.72624 4.23413 -0.141253 
2.78784 4.23866 -0.132367 
2.84943 4.24318 -0.123482 
2.90205 4.24601 -0.153979 
2.95466 4.24883 -0.184477 
3.00727 4.25166 -0.214974 
3.05989 4.25449 -0.245472 
3.1125 4.25731 -0.275969 
3.16512 4.26014 -0.306466 
3.2274 4.25696 -0.277558 
3.28967 4.25378 -0.24865 
3.35195 4.2506 -0.219742 
3.41423 4.24742 -0.190834 
3.4765 4.24424 -0.161926 
3.53878 4.24106 -0.133018 
3.57478 4.24474 -0.102891 
3.61078 4.24842 -0.0727634 
3.64677 4.2521 -0.0426361 
3.68277 4.25578 -0.0125088 
3.71877 4.25946 0.0176185 
3.75476 4.26314 0.0477457 
3.79076 4.26683 0.077873 
3.82676 4.27051 0.108 
3.86275 4.27419 0.138128 
3.89875 4.27787 0.168255 
3.90832 4.27607 0.198495 
3.91788 4.27427 0.228735 
3.92745 4.27247 0.258974 
3.93702 4.27067 0.289214 
3.94658 4.26887 0.319454 
3.95615 4.26707 0.349694 
3.96571 4.26527 0.379934 
3.97528 4.26347 0.410174 
3.98485 4.26167 0.440414 
3.99441 4.25987 0.470653 
4.00398 4.25807 0.500893 
4.01355 4.25627 0.531133 
4.02311 4.25447 0.561373 
4.03268 4.25267 0.591613 
4.04224 4.25087 0.621853 
4.05181 4.24907 0.652093 
4.10381 4.22056 0.659793 
4.15582 4.19205 0.667494 
4.20782 4.16355 0.675194 
4.25983 4.13504 0.682894 
4.31183 4.10653 0.690595 
4.2936 4.05948 0.717999 
4.27537 4.01244 0.745403 
4.25714 3.96539 0.772807 
4.23891 3.91835 0.800211 
4.22067 3.8713 0.827615 
4.20244 3.82425 0.855019 
4.20876 3.8132 0.824333 
4.21509 3.80216 0.793646 
4.22141 3.79111 0.76296 
4.22773 3.78006 0.732274 
4.23405 3.76901 0.701587 
4.24037 3.75796 0.670901 
4.24669 3.74691 0.640215 
4.25302 3.73586 0.609529 
4.25934 3.72481 0.578842 
4.26566 3.71376 0.548156 
4.27198 3.70272 0.51747 
4.2783 3.69167 0.486783 
4.28462 3.68062 0.456097 
4.29094 3.66957 0.425411 
4.29727 3.65852 0.394724 
4.28641 3.59757 0.373159 
4.27556 3.53662 0.351594 
4.2647 3.47568 0.330029 
4.25385 3.41473 0.308464 
4.24299 3.35378 0.286899 
4.23214 3.29283 0.265334 
4.23173 3.27856 0.242124 
4.23132 3.26429 0.218914 
4.23092 3.25001 0.195704 
4.22062 3.20704 0.184758 
4.21862 3.17763 0.154453 
4.21663 3.14823 0.124147 
4.21463 3.11883 0.0938418 
4.21264 3.08943 0.0635364 
4.21064 3.06003 0.0332309 
4.20864 3.03063 0.00292548 
4.24408 2.98343 0.0100609 
4.27951 2.93623 0.0171964 
4.31494 2.88903 0.0243318 
4.35037 2.84183 0.0314672 
4.3858 2.79463 0.0386027 
4.3941 2.79081 0.00747873 
4.40241 2.78699 -0.0236452 
4.41071 2.78317 -0.0547692 
4.41902 2.77935 -0.0858932 
4.42732 2.77553 -0.117017 
4.43563 2.77171 -0.148141 
4.44393 2.76789 -0.179265 
4.45224 2.76407 -0.210389 
4.46054 2.76025 -0.241513 
4.46885 2.75643 -0.272637 
4.47715 2.75261 -0.303761 
4.48546 2.74879 -0.334885 
4.49376 2.74497 -0.366009 
4.50207 2.74115 -0.397133 
4.51037 2.73733 -0.428257 
4.51868 2.73351 -0.459381 
4.52699 2.72969 -0.490505 
4.53529 2.72587 -0.521629 
4.5436 2.72205 -0.552753 
4.5519 2.71823 -0.583877 
4.56021 2.71441 -0.615001 
4.56851 2.71059 -0.646124 
4.57682 2.70677 -0.677248 
4.58512 2.70295 -0.708372 
4.59343 2.69913 -0.739496 
4.60173 2.69531 -0.77062 
4.61004 2.69149 -0.801744 
4.61834 2.68767 -0.832868 
4.62665 2.68385 -0.863992 
4.63495 2.68003 -0.895116 
4.64326 2.67621 -0.92624 
4.65156 2.67239 -0.957364 
4.65903 2.65853 -0.926028 
4.66649 2.64466 -0.894691 
4.67396 2.6308 -0.863355 
4.68142 2.61693 -0.832019 
4.68888 2.60307 -0.800683 
4.69635 2.58921 -0.769346 
4.70381 2.57534 -0.73801 
4.71128 2.56148 -0.706674 
4.71874 2.54761 -0.675337 
4.72621 2.53375 -0.644001 
4.73367 2.51988 -0.612665 
4.73414 2.45243 -0.6246 
4.73461 2.38497 -0.636535 
4.73508 2.31752 -0.648471 
4.73555 2.25006 -0.660406 
4.73602 2.1826 -0.672341 
4.7365 2.11515 -0.684277 
4.73697 2.04769 -0.696212 
4.73744 1.98024 -0.708147 
4.73791 1.91278 -0.720083 
4.73838 1.84532 -0.732018 
4.73885 1.77787 -0.743953 
4.73932 1.71041 -0.755888 
4.73979 1.64296 -0.767824 
4.74355 1.60808 -0.798111 
4.74731 1.57319 -0.828398 
4.75106 1.53831 -0.858685 
4.75482 1.50343 -0.888972 
4.75858 1.46855 -0.919259 
4.76234 1.43367 -0.949546 
4.76609 1.39879 -0.979833 
4.76985 1.3639 -1.01012 
4.77361 1.32902 -1.04041 
4.77737 1.29414 -1.07069 
4.78112 1.25926 -1.10098 
4.78488 1.22438 -1.13127 
4.78864 1.1895 -1.16156 
4.77744 1.13895 -1.13432 
4.76624 1.08841 -1.10709 
4.75504 1.03787 -1.07985 
4.74384 0.987322 -1.05262 
4.73264 0.936778 -1.02538 
4.72144 0.886235 -0.998149 
4.72436 0.871404 -1.02811 
4.72727 0.856574 -1.05806 
4.73018 0.841743 -1.08802 
4.73309 0.826913 -1.11798 
4.73601 0.812083 -1.14794 
4.73892 0.797252 -1.1779 
4.74151 0.77853 -1.14895 
4.7441 0.759808 -1.11999 
4.7467 0.741085 -1.09104 
4.74929 0.722363 -1.06209 
4.75188 0.70364 -1.03314 
4.75447 0.684918 -1.00419 
4.75706 0.666196 -0.975236 
4.75966 0.647473 -0.946285 
4.76225 0.628751 -0.917333 
4.76484 0.610029 -0.888382 
4.76743 0.591306 -0.85943 
4.77002 0.572584 -0.830479 
4.76529 0.55258 -0.800661 
4.76055 0.532575 -0.770843 
4.75581 0.512571 -0.741025 
4.75108 0.492566 -0.711207 
4.74634 0.472562 -0.681389 
4.7416 0.452557 -0.651571 
4.73686 0.432553 -0.621753 
4.73213 0.412548 -0.591935 
4.72739 0.392544 -0.562117 
4.72265 0.372539 -0.532299 
4.71792 0.352535 -0.502481 
4.71318 0.33253 -0.472663 
4.70844 0.312526 -0.442845 
4.7037 0.292522 -0.413027 
4.7071 0.29068 -0.382441 
4.7105 0.288839 -0.351856 
4.7139 0.286998 -0.32127 
4.7173 0.285157 -0.290685 
4.7207 0.283316 -0.260099 
4.7241 0.281475 -0.229514 
4.7275 0.279633 -0.198928 
4.7309 0.277792 -0.168342 
4.73429 0.275951 -0.137757 
4.73769 0.27411 -0.107171 
4.74109 0.272269 -0.0765858 
4.74449 0.270428 -0.0460003 
4.74789 0.268586 -0.0154147 
4.75129 0.266745 0.0151708 
4.75469 0.264904 0.0457564 
4.75809 0.263063 0.0763419 
4.76149 0.261222 0.106927 
4.76489 0.259381 0.137513 
4.76828 0.257539 0.168099 
4.77168 0.255698 0.198684 
4.77508 0.253857 0.22927 
4.77848 0.252016 0.259855 
4.78188 0.250175 0.290441 
4.78528 0.248334 0.321026 
4.78868 0.246493 0.351612 
4.72856 0.244464 0.332608 
4.66845 0.242435 0.313604 
4.60833 0.240406 0.2946 
4.54822 0.238377 0.275597 
4.4881 0.236348 0.256593 
4.42615 0.237158 0.286088 
4.3642 0.237967 0.315582 
4.30224 0.238777 0.345077 
4.24029 0.239586 0.374572 
4.17834 0.240396 0.404067 
4.11639 0.241205 0.433562 
4.11973 0.242933 0.463924 
4.12307 0.24466 0.494287 
4.12642 0.246388 0.524649 
4.12976 0.248115 0.555012 
4.13311 0.249843 0.585375 
4.13645 0.25157 0.615737 
4.13979 0.253298 0.6461 
4.14314 0.255025 0.676463 
4.14648 0.256753 0.706825 
4.14983 0.25848 0.737188 
4.15317 0.260208 0.767551 
4.15651 0.261935 0.797913 
4.15986 0.263663 0.828276 
4.1632 0.26539 0.858639 
4.16655 0.267118 0.889001 
4.16989 0.268845 0.919364 
4.17323 0.270573 0.949727 
4.17658 0.2723 0.980089 
4.17992 0.274028 1.01045 
4.18326 0.275755 1.04081 
4.16112 0.275723 1.07055 
4.13897 0.27569 1.10029 
4.11682 0.275658 1.13003 
4.09468 0.275625 1.15977 
4.07253 0.275593 1.18951 
4.05038 0.275561 1.21925 
4.02824 0.275528 1.24898 
4.00609 0.275496 1.27872 
3.98394 0.275463 1.30846 
3.9618 0.275431 1.3382 
3.93965 0.275398 1.36794 
3.92962 0.273214 1.39855 
3.91958 0.271029 1.42916 
3.90955 0.268845 1.45976 
3.89952 0.266661 1.49037 
3.88949 0.264477 1.52098 
3.87946 0.262292 1.55159 
3.86942 0.260108 1.58219 
3.85939 0.257924 1.6128 
3.84936 0.255739 1.64341 
3.83933 0.253555 1.67402 
3.82275 0.252801 1.70484 
3.80618 0.252047 1.73567 
3.7896 0.251294 1.76649 
3.77303 0.25054 1.79732 
3.75645 0.249786 1.82814 
3.73988 0.249032 1.85897 
3.7233 0.248279 1.88979 
3.70673 0.247525 1.92062 
3.69015 0.246771 1.95144 
3.67358 0.246017 1.98226 
3.657 0.245263 2.01309 
3.64043 0.24451 2.04391 
3.62385 0.243756 2.07474 
3.60728 0.243002 2.10556 
3.5609 0.244108 2.07624 
3.51453 0.245213 2.04693 
3.46815 0.246319 2.01761 
3.42177 0.247424 1.98829 
3.3754 0.24853 1.95897 
3.32902 0.249636 1.92965 
3.28265 0.250741 1.90033 
3.23627 0.251847 1.87101 
3.21593 0.248814 1.90109 
3.19558 0.245781 1.93116 
3.17524 0.242748 1.96124 
3.15489 0.239715 1.99131 
3.13455 0.236682 2.02139 
3.11421 0.233649 2.05146 
3.09386 0.230616 2.08154 
3.07352 0.227583 2.11161 
3.05317 0.22455 2.14169 
3.03283 0.221517 2.17176 
3.01249 0.218484 2.20184 
2.99214 0.215451 2.23191 
2.9718 0.212418 2.26198 
2.95145 0.209385 2.29206 
2.93111 0.206352 2.32213 
2.87735 0.215865 2.33899 
2.8236 0.225377 2.35584 
2.76984 0.23489 2.3727 
2.7533 0.236594 2.34293 
2.73675 0.238298 2.31317 
2.72021 0.240002 2.2834 
2.70367 0.241706 2.25364 
2.68712 0.24341 2.22387 
2.67058 0.245114 2.19411 
2.65403 0.246818 2.16434 
2.63749 0.248522 2.13458 
2.62094 0.250226 2.10481 
2.6044 0.25193 2.07504 
2.58785 0.253634 2.04528 
2.57131 0.255338 2.01551 
2.55477 0.257042 1.98575 
2.55194 0.257423 1.95525 
2.54911 0.257805 1.92475 
2.54628 0.258186 1.89425 
2.54345 0.258567 1.86375 
2.54062 0.258949 1.83325 
2.53779 0.25933 1.80275 
2.53496 0.259711 1.77225 
2.53213 0.260093 1.74175 
2.5293 0.260474 1.71125 
2.52647 0.260855 1.68075 
2.52364 0.261236 1.65024 
2.52081 0.261618 1.61974 
2.51799 0.261999 1.58924 
2.51516 0.26238 1.55874 
2.51233 0.262762 1.52824 
2.5095 0.263143 1.49774 
2.50667 0.263524 1.46724 
2.50384 0.263906 1.43674 
2.50101 0.264287 1.40624 
2.48036 0.262609 1.4349 
2.4597 0.260932 1.46355 
2.43905 0.259254 1.4922 
2.4184 0.257576 1.52086 
2.39774 0.255898 1.54951 
2.37709 0.254221 1.57816 
2.35644 0.252543 1.60682 
2.33578 0.250865 1.63547 
2.31513 0.249188 1.66413 
2.29448 0.24751 1.69278 
2.27382 0.245832 1.72143 
2.24487 0.243131 1.69348 
2.21591 0.240429 1.66552 
2.18695 0.237728 1.63756 
2.15799 0.235026 1.6096 
2.12903 0.232325 1.58165 
2.10007 0.229624 1.55369 
2.07112 0.226922 1.52573 
2.04216 0.224221 1.49777 
2.0132 0.221519 1.46982 
1.98576 0.228164 1.43941 
1.95831 0.234809 1.409 
1.93087 0.241453 1.37859 
1.90343 0.248098 1.34819 
1.87599 0.254743 1.31778 
1.84854 0.261387 1.28737 
1.8211 0.268032 1.25696 
1.79366 0.274676 1.22655 
1.7915 0.273166 1.1964 
1.78934 0.271656 1.16624 
1.78718 0.270146 1.13609 
1.78502 0.268636 1.10593 
1.78286 0.267126 1.07578 
1.7807 0.265616 1.04562 
1.77855 0.264106 1.01546 
1.77639 0.262596 0.985309 
1.77423 0.261086 0.955153 
1.77207 0.259576 0.924997 
1.76991 0.258066 0.894842 
1.76775 0.256556 0.864686 
1.76559 0.255046 0.83453 
1.76344 0.253536 0.804375 
1.76128 0.252026 0.774219 
1.75912 0.250516 0.744063 
1.75696 0.249006 0.713908 
1.7548 0.247496 0.683752 
1.75264 0.245985 0.653596 
1.75048 0.244475 0.623441 
1.74833 0.242965 0.593285 
1.6795 0.238702 0.588267 
1.61067 0.234439 0.583249 
1.54185 0.230175 0.578231 
1.47302 0.225912 0.573213 
1.4042 0.221649 0.568195 
1.33537 0.217385 0.563177 
1.31728 0.223744 0.533742 
1.2992 0.230102 0.504307 
1.28111 0.23646 0.474872 
1.26302 0.242818 0.445436 
1.24494 0.249177 0.416001 
1.22685 0.255535 0.386566 
1.20876 0.261893 0.35713 
1.19068 0.268251 0.327695 
1.18556 0.26689 0.297432 
1.18045 0.265528 0.267169 
1.17534 0.264166 0.236907 
1.17023 0.262805 0.206644 
1.16512 0.261443 0.176381 
1.16001 0.260081 0.146119 
1.1549 0.25872 0.115856 
1.14979 0.257358 0.0855934 
1.14468 0.255996 0.0553307 
1.13957 0.254635 0.025068 
1.13446 0.253273 -0.0051947 
1.12934 0.251911 -0.0354574 
1.12423 0.25055 -0.0657201 
1.11912 0.249188 -0.0959828 
1.11401 0.247826 -0.126245 
1.1089 0.246465 -0.156508 
1.10379 0.245103 -0.186771 
1.09868 0.243741 -0.217034 
1.09357 0.24238 -0.247296 
1.08846 0.241018 -0.277559 
1.08335 0.239656 -0.307822 
1.09082 0.242903 -0.339129 
1.09829 0.24615 -0.370437 
1.10576 0.249397 -0.401744 
1.11322 0.252644 -0.433052 
1.12069 0.255891 -0.464359 
1.12816 0.259138 -0.495667 
1.13563 0.262385 -0.526974 
1.1431 0.265632 -0.558282 
1.15057 0.268879 -0.58959 
1.14693 0.268568 -0.619973 
1.14329 0.268257 -0.650356 
1.13964 0.267945 -0.680739 
1.136 0.267634 -0.711122 
1.13236 0.267323 -0.741505 
1.12872 0.267012 -0.771889 
1.12507 0.2667 -0.802272 
1.12143 0.266389 -0.832655 
1.11779 0.266078 -0.863038 
1.05997 0.25129 -0.860024 
1.00214 0.236503 -0.85701 
0.944323 0.221716 -0.853996 
0.886501 0.206928 -0.850982 
0.860143 0.213006 -0.881681 
0.833786 0.219083 -0.912379 
0.807428 0.22516 -0.943078 
0.78107 0.231238 -0.973776 
0.754712 0.237315 -1.00447 
0.728354 0.243392 -1.03517 
0.701997 0.249469 -1.06587 
0.675639 0.255547 -1.09657 
0.649281 0.261624 -1.12727 
0.622662 0.260849 -1.15684 
0.596044 0.260074 -1.18641 
0.569425 0.259299 -1.21597 
0.542806 0.258524 -1.24554 
0.516187 0.257749 -1.27511 
0.489569 0.256974 -1.30468 
0.46295 0.2562 -1.33425 
0.436331 0.255425 -1.36382 
0.409712 0.25465 -1.39339 
0.383094 0.253875 -1.42295 
0.356475 0.2531 -1.45252 
0.329856 0.252325 -1.48209 
0.303237 0.25155 -1.51166 
0.276619 0.250775 -1.54123 
0.25 0.25 -1.5708 

0.25 0.25 -1.5708