-2 0 0 
-2.04726 -0.0670603 0.00106263 
-2.09452 -0.134121 0.00212525 
-2.14177 -0.201181 0.00318788 
-2.18903 -0.268241 0.00425051 
-2.23629 -0.335302 0.00531314 
-2.28355 -0.402362 0.00637576 
-2.33081 -0.469422 0.00743839 
-2.37806 -0.536482 0.00850102 
-2.42532 -0.603543 0.00956364 
-2.47258 -0.670603 0.0106263 
-2.51984 -0.737663 0.0116889 
-2.56709 -0.804724 0.0127515 
-2.5399 -0.848922 -0.0152727 
-2.51271 -0.89312 -0.0432968 
-2.48552 -0.937318 -0.071321 
-2.45833 -0.981516 -0.0993452 
-2.43114 -1.02571 -0.127369 
-2.35852 -1.05597 -0.098677 
-2.2859 -1.08622 -0.0699847 
-2.21328 -1.11648 -0.0412923 
-2.14066 -1.14673 -0.0126 
-2.06804 -1.17698 0.0160924 
-1.99542 -1.20724 0.0447848 
-1.9228 -1.23749 0.0734771 
-1.86345 -1.18264 0.0822487 
-1.8041 -1.12778 0.0910202 
-1.74476 -1.07293 0.0997918 
-1.68541 -1.01807 0.108563 
-1.62606 -0.963221 0.117335 
-1.56671 -0.908367 0.126106 
-1.50737 -0.853512 0.134878 
-1.44802 -0.798658 0.14365 
-1.38867 -0.743804 0.152421 
-1.32932 -0.68895 0.161193 
-1.26998 -0.634096 0.169964 
-1.21063 -0.579242 0.178736 
-1.15128 -0.524387 0.187507 
-1.09193 -0.469533 0.196279 
-1.03259 -0.414679 0.20505 
-0.973239 -0.359825 0.213822 
-0.913892 -0.304971 0.222593 
-0.854545 -0.250117 0.231365 
-0.795197 -0.195262 0.240137 
-0.73585 -0.140408 0.248908 
-0.735562 -0.137695 0.279908 
-0.735273 -0.134982 0.310908 
-0.734985 -0.132269 0.341907 
-0.734697 -0.129557 0.372907 
-0.734408 -0.126844 0.403907 
-0.73412 -0.124131 0.434906 
-0.733831 -0.121418 0.465906 
-0.733543 -0.118705 0.496906 
-0.733255 -0.115992 0.527905 
-0.732966 -0.113279 0.558905 
-0.732678 -0.110566 0.589905 
-0.73239 -0.107853 0.620905 
-0.732101 -0.10514 0.651904 
-0.731813 -0.102428 0.682904 
-0.731524 -0.0997146 0.713904 
-0.731236 -0.0970017 0.744903 
-0.730948 -0.0942888 0.775903 
-0.730659 -0.0915759 0.806903 
-0.730371 -0.088863 0.837903 
-0.730083 -0.0861501 0.868902 
-0.729794 -0.0834372 0.899902 
-0.729506 -0.0807243 0.930902 
-0.729217 -0.0780114 0.961901 
-0.728929 -0.0752985 0.992901 
-0.728641 -0.0725856 1.0239 
-0.728352 -0.0698727 1.0549 
-0.728064 -0.0671598 1.0859 
-0.727776 -0.0644468 1.1169 
-0.727487 -0.0617339 1.1479 
-0.727199 -0.059021 1.1789 
-0.72691 -0.0563081 1.2099 
-0.726622 -0.0535952 1.2409 
-0.726334 -0.0508823 1.2719 
-0.726045 -0.0481694 1.3029 
-0.725757 -0.0454565 1.3339 
-0.725469 -0.0427436 1.3649 
-0.72518 -0.0400307 1.3959 
-0.724892 -0.0373178 1.4269 
-0.724603 -0.0346049 1.4579 
-0.724315 -0.031892 1.4889 
-0.724027 -0.0291791 1.5199 
-0.723738 -0.0264662 1.5509 
-0.72345 -0.0237533 1.5819 
-0.723162 -0.0210404 1.6129 
-0.722873 -0.0183274 1.6439 
-0.722585 -0.0156145 1.67489 
-0.722296 -0.0129016 1.70589 
-0.722008 -0.0101887 1.73689 
-0.72172 -0.00747582 1.76789 
-0.721431 -0.00476292 1.79889 
-0.721143 -0.00205001 1.82989 
-0.720855 0.000662894 1.86089 
-0.720566 0.0033758 1.89189 
-0.720278 0.00608871 1.92289 
-0.719989 0.00880161 1.95389 
-0.719701 0.0115145 1.98489 
-0.719413 0.0142274 2.01589 
-0.719124 0.0169403 2.04689 
-0.718836 0.0196532 2.07789 
-0.718548 0.0223661 2.10889 
-0.63659 0.021374 2.09108 
-0.554633 0.0203819 2.07327 
-0.472675 0.0193897 2.05545 
-0.390718 0.0183976 2.03764 
-0.308761 0.0174054 2.01983 
-0.226803 0.0164133 2.00202 
-0.144846 0.0154212 1.98421 
-0.0628883 0.014429 1.96639 
0.0190691 0.0134369 1.94858 
0.101026 0.0124448 1.93077 
0.182984 0.0114526 1.91296 
0.264941 0.0104605 1.89515 
0.346899 0.00946833 1.87734 
0.428856 0.0084762 1.85952 
0.510814 0.00748406 1.84171 
0.592771 0.00649192 1.8239 
0.622586 -0.0120404 1.7972 
0.6524 -0.0305726 1.77049 
0.682215 -0.0491049 1.74379 
0.71203 -0.0676372 1.71709 
0.741844 -0.0861695 1.69039 
0.771659 -0.104702 1.66368 
0.779013 -0.115218 1.69503 
0.786368 -0.125734 1.72637 
0.793722 -0.13625 1.75771 
0.801076 -0.146767 1.78905 
0.808431 -0.157283 1.8204 
0.815785 -0.167799 1.85174 
0.82314 -0.178315 1.88308 
0.830494 -0.188831 1.91443 
0.837848 -0.199348 1.94577 
0.845203 -0.209864 1.97711 
0.852557 -0.22038 2.00845 
0.859911 -0.230896 2.0398 
0.867266 -0.241413 2.07114 
0.87462 -0.251929 2.10248 
0.881975 -0.262445 2.13383 
0.889329 -0.272961 2.16517 
0.896683 -0.283477 2.19651 
0.904038 -0.293994 2.22785 
0.911392 -0.30451 2.2592 
0.918747 -0.315026 2.29054 
0.926101 -0.325542 2.32188 
0.933455 -0.336059 2.35323 
0.94081 -0.346575 2.38457 
0.948164 -0.357091 2.41591 
0.955519 -0.367607 2.44725 
0.962873 -0.378123 2.4786 
0.970227 -0.38864 2.50994 
0.977582 -0.399156 2.54128 
0.984936 -0.409672 2.57262 
0.99229 -0.420188 2.60397 
0.999645 -0.430705 2.63531 
1.007 -0.441221 2.66665 
1.01435 -0.451737 2.698 
1.02171 -0.462253 2.72934 
1.02906 -0.472769 2.76068 
1.03642 -0.483286 2.79202 
1.04377 -0.493802 2.82337 
1.05113 -0.504318 2.85471 
1.05848 -0.514834 2.88605 
1.06583 -0.525351 2.9174 
1.07319 -0.535867 2.94874 
1.13548 -0.585577 2.94845 
1.19777 -0.635287 2.94816 
1.26006 -0.684998 2.94787 
1.32234 -0.734708 2.94758 
1.38463 -0.784418 2.94729 
1.44692 -0.834129 2.947 
1.50921 -0.883839 2.94671 
1.5715 -0.933549 2.94642 
1.63379 -0.98326 2.94613 
1.69608 -1.03297 2.94584 
1.75837 -1.08268 2.94555 
1.82066 -1.13239 2.94526 
1.88294 -1.1821 2.94497 
1.92085 -1.17914 2.91498 
1.95875 -1.17617 2.88498 
1.99665 -1.1732 2.85498 
2.03455 -1.17024 2.82499 
2.07245 -1.16727 2.79499 
2.11036 -1.16431 2.76499 
2.14826 -1.16134 2.73499 
2.18616 -1.15838 2.705 
2.22406 -1.15541 2.675 
2.26196 -1.15245 2.645 
2.29986 -1.14948 2.615 
2.33777 -1.14651 2.58501 
2.37567 -1.14355 2.55501 
2.41357 -1.14058 2.52501 
2.45147 -1.13762 2.49501 
2.48937 -1.13465 2.46502 
2.52728 -1.13169 2.43502 
2.56518 -1.12872 2.40502 
2.60308 -1.12575 2.37502 
2.64098 -1.12279 2.34503 
2.63381 -1.04297 2.32522 
2.62663 -0.963143 2.30541 
2.61946 -0.883321 2.2856 
2.61228 -0.803498 2.26579 
2.6051 -0.723675 2.24597 
2.59793 -0.643852 2.22616 
2.59075 -0.564029 2.20635 
2.58358 -0.484207 2.18654 
2.5764 -0.404384 2.16673 
2.56923 -0.324561 2.14692 
2.56205 -0.244738 2.12711 
2.55488 -0.164915 2.1073 
2.5477 -0.0850926 2.08749 
2.54053 -0.00526984 2.06768 
2.53335 0.074553 2.04787 
2.52618 0.154376 2.02806 
2.519 0.234199 2.00825 
2.50498 0.227869 2.03888 
2.49095 0.221539 2.06951 
2.47692 0.215209 2.10014 
2.46289 0.20888 2.13077 
2.44887 0.20255 2.1614 
2.43484 0.19622 2.19203 
2.42081 0.189891 2.22266 
2.40679 0.183561 2.2533 
2.39276 0.177231 2.28393 
2.37873 0.170902 2.31456 
2.3647 0.164572 2.34519 
2.35068 0.158242 2.37582 
2.33665 0.151913 2.40645 
2.32262 0.145583 2.43708 
2.3086 0.139253 2.46771 
2.29457 0.132924 2.49834 
2.28054 0.126594 2.52897 
2.26651 0.120264 2.5596 
2.25249 0.113934 2.59024 
2.23846 0.107605 2.62087 
2.22443 0.101275 2.6515 
2.21041 0.0949454 2.68213 
2.19638 0.0886157 2.71276 
2.18235 0.082286 2.74339 
2.16833 0.0759563 2.77402 
2.1543 0.0696266 2.80465 
2.14027 0.0632969 2.83528 
2.12624 0.0569672 2.86591 
2.11222 0.0506375 2.89655 
2.09819 0.0443078 2.92718 
2.08416 0.0379781 2.95781 
2.07014 0.0316485 2.98844 
2.05611 0.0253188 3.01907 
2.04208 0.0189891 3.0497 
2.02805 0.0126594 3.08033 
2.01403 0.00632969 3.11096 
2 0 -3.14159 

2 0 -3.14159