-2 0 0 
-2.06439 -0.0536857 0.0283927 
-2.12877 -0.107371 0.0567853 
-2.19316 -0.161057 0.085178 
-2.25755 -0.214743 0.113571 
-2.32194 -0.268428 0.141963 
-2.38632 -0.322114 0.170356 
-2.45071 -0.3758 0.198749 
-2.5151 -0.429485 0.227141 
-2.57948 -0.483171 0.255534 
-2.64387 -0.536857 0.283927 
-2.70826 -0.590542 0.312319 
-2.77265 -0.644228 0.340712 
-2.83703 -0.697914 0.369105 
-2.84105 -0.77921 0.372518 
-2.84506 -0.860507 0.375932 
-2.84908 -0.941803 0.379346 
-2.85309 -1.0231 0.382759 
-2.8571 -1.1044 0.386173 
-2.86112 -1.18569 0.389587 
-2.86513 -1.26699 0.393 
-2.86915 -1.34829 0.396414 
-2.87316 -1.42958 0.399828 
-2.87718 -1.51088 0.403241 
-2.88119 -1.59218 0.406655 
-2.88503 -1.67113 0.427809 
-2.88887 -1.75008 0.448963 
-2.8927 -1.82903 0.470118 
-2.89654 -1.90798 0.491272 
-2.90038 -1.98693 0.512426 
-2.90422 -2.06588 0.533581 
-2.90806 -2.14483 0.554735 
-2.9119 -2.22378 0.575889 
-2.91574 -2.30273 0.597044 
-2.91957 -2.38168 0.618198 
-2.92341 -2.46063 0.639352 
-2.92725 -2.53958 0.660507 
-2.84355 -2.54642 0.667429 
-2.75984 -2.55327 0.674352 
-2.67614 -2.56011 0.681274 
-2.59244 -2.56696 0.688197 
-2.50873 -2.5738 0.695119 
-2.42503 -2.58065 0.702041 
-2.34133 -2.58749 0.708964 
-2.25762 -2.59433 0.715886 
-2.17392 -2.60118 0.722809 
-2.09021 -2.60802 0.729731 
-2.00651 -2.61487 0.736654 
-1.92281 -2.62171 0.743576 
-1.8391 -2.62856 0.750498 
-1.7554 -2.6354 0.757421 
-1.6717 -2.64224 0.764343 
-1.58799 -2.64909 0.771266 
-1.50429 -2.65593 0.778188 
-1.42059 -2.66278 0.785111 
-1.33688 -2.66962 0.792033 
-1.25318 -2.67646 0.798956 
-1.16948 -2.68331 0.805878 
-1.08577 -2.69015 0.8128 
-1.00207 -2.697 0.819723 
-0.991098 -2.68864 0.85003 
-0.980129 -2.68029 0.880338 
-0.969159 -2.67193 0.910645 
-0.958189 -2.66357 0.940952 
-0.947219 -2.65522 0.97126 
-0.936249 -2.64686 1.00157 
-0.925279 -2.6385 1.03187 
-0.914309 -2.63015 1.06218 
-0.90334 -2.62179 1.09249 
-0.89237 -2.61344 1.1228 
-0.8814 -2.60508 1.1531 
-0.87043 -2.59672 1.18341 
-0.85946 -2.58837 1.21372 
-0.84849 -2.58001 1.24403 
-0.83752 -2.57165 1.27433 
-0.826551 -2.5633 1.30464 
-0.815581 -2.55494 1.33495 
-0.804611 -2.54659 1.36526 
-0.793641 -2.53823 1.39556 
-0.782671 -2.52987 1.42587 
-0.771701 -2.52152 1.45618 
-0.760731 -2.51316 1.48649 
-0.749762 -2.50481 1.51679 
-0.738792 -2.49645 1.5471 
-0.738064 -2.42745 1.57851 
-0.737337 -2.35844 1.60992 
-0.73661 -2.28944 1.64133 
-0.735882 -2.22043 1.67274 
-0.735155 -2.15143 1.70416 
-0.734428 -2.08243 1.73557 
-0.733701 -2.01342 1.76698 
-0.732973 -1.94442 1.79839 
-0.732246 -1.87541 1.8298 
-0.731519 -1.80641 1.86121 
-0.730791 -1.73741 1.89262 
-0.730064 -1.6684 1.92404 
-0.729337 -1.5994 1.95545 
-0.72861 -1.5304 1.98686 
-0.735676 -1.5146 1.95653 
-0.742743 -1.4988 1.92621 
-0.74981 -1.483 1.89588 
-0.756877 -1.46721 1.86556 
-0.763943 -1.45141 1.83524 
-0.77101 -1.43561 1.80491 
-0.778077 -1.41981 1.77459 
-0.785144 -1.40402 1.74426 
-0.79221 -1.38822 1.71394 
-0.799277 -1.37242 1.68361 
-0.806344 -1.35662 1.65329 
-0.813411 -1.34083 1.62296 
-0.820477 -1.32503 1.59264 
-0.827544 -1.30923 1.56232 
-0.834611 -1.29343 1.53199 
-0.841678 -1.27764 1.50167 
-0.848744 -1.26184 1.47134 
-0.855811 -1.24604 1.44102 
-0.862878 -1.23025 1.41069 
-0.869945 -1.21445 1.38037 
-0.877012 -1.19865 1.35004 
-0.884078 -1.18285 1.31972 
-0.891145 -1.16706 1.2894 
-0.898212 -1.15126 1.25907 
-0.905279 -1.13546 1.22875 
-0.912345 -1.11966 1.19842 
-0.919412 -1.10387 1.1681 
-0.926479 -1.08807 1.13777 
-0.932327 -1.06021 1.10656 
-0.938174 -1.03235 1.07534 
-0.944022 -1.00449 1.04412 
-0.94987 -0.976636 1.01291 
-0.955718 -0.948778 0.981692 
-0.961566 -0.920919 0.950476 
-0.967414 -0.893061 0.919259 
-0.973261 -0.865203 0.888043 
-0.979109 -0.837345 0.856826 
-0.984957 -0.809487 0.82561 
-0.990805 -0.781629 0.794394 
-0.996653 -0.75377 0.763177 
-1.0025 -0.725912 0.731961 
-1.00835 -0.698054 0.700745 
-1.0142 -0.670196 0.669528 
-1.02004 -0.642338 0.638312 
-1.02589 -0.614479 0.607096 
-1.03174 -0.586621 0.575879 
-1.03759 -0.558763 0.544663 
-1.04344 -0.530905 0.513447 
-1.01909 -0.520189 0.4843 
-0.994754 -0.509472 0.455153 
-0.970414 -0.498756 0.426006 
-0.946074 -0.48804 0.396859 
-0.921733 -0.477324 0.367712 
-0.897393 -0.466607 0.338565 
-0.873053 -0.455891 0.309418 
-0.848712 -0.445175 0.280271 
-0.824372 -0.434459 0.251124 
-0.800032 -0.423742 0.221977 
-0.775691 -0.413026 0.192831 
-0.793998 -0.402148 0.218905 
-0.812305 -0.391269 0.244979 
-0.830612 -0.38039 0.271053 
-0.848919 -0.369511 0.297127 
-0.867226 -0.358633 0.323201 
-0.83442 -0.28068 0.341356 
-0.801614 -0.202727 0.359511 
-0.768808 -0.124774 0.377666 
-0.736002 -0.0468213 0.395821 
-0.703196 0.0311315 0.413976 
-0.624649 0.0315373 0.42518 
-0.546102 0.031943 0.436383 
-0.467555 0.0323487 0.447587 
-0.389008 0.0327544 0.458791 
-0.310461 0.0331601 0.469995 
-0.231913 0.0335658 0.481199 
-0.153366 0.0339715 0.492403 
-0.0748193 0.0343772 0.503607 
0.0037278 0.034783 0.514811 
0.0822749 0.0351887 0.526014 
0.160822 0.0355944 0.537218 
0.236231 0.0303752 0.564803 
0.31164 0.025156 0.592387 
0.387049 0.0199368 0.619971 
0.462458 0.0147176 0.647555 
0.537867 0.00949842 0.67514 
0.613276 0.00427923 0.702724 
0.688685 -0.000939962 0.730308 
0.764094 -0.00615915 0.757893 
0.763525 0.0773839 0.77778 
0.762956 0.160927 0.797668 
0.762387 0.24447 0.817556 
0.761817 0.328013 0.837443 
0.761248 0.411556 0.857331 
0.760679 0.495099 0.877219 
0.760109 0.578642 0.897107 
0.75954 0.662185 0.916994 
0.758971 0.745729 0.936882 
0.758401 0.829272 0.95677 
0.757832 0.912815 0.976657 
0.757263 0.996358 0.996545 
0.756693 1.0799 1.01643 
0.756124 1.16344 1.03632 
0.755555 1.24699 1.05621 
0.754985 1.33053 1.0761 
0.781766 1.38643 1.10684 
0.808546 1.44232 1.13759 
0.835326 1.49822 1.16834 
0.862106 1.55412 1.19908 
0.888886 1.61002 1.22983 
0.915666 1.66591 1.26058 
0.942446 1.72181 1.29132 
0.969226 1.77771 1.32207 
0.996006 1.8336 1.35282 
1.02279 1.8895 1.38356 
1.04957 1.9454 1.41431 
1.07635 2.0013 1.44506 
1.10313 2.05719 1.4758 
1.12991 2.11309 1.50655 
1.15669 2.16899 1.5373 
1.18347 2.22488 1.56804 
1.21025 2.28078 1.59879 
1.23703 2.33668 1.62954 
1.26381 2.39257 1.66028 
1.29059 2.44847 1.69103 
1.31737 2.50437 1.72178 
1.34415 2.56027 1.75252 
1.37093 2.61616 1.78327 
1.39771 2.67206 1.81402 
1.42449 2.72796 1.84476 
1.45127 2.78385 1.87551 
1.46883 2.70578 1.88293 
1.48639 2.62772 1.89035 
1.50396 2.54965 1.89778 
1.52152 2.47158 1.9052 
1.53909 2.39351 1.91262 
1.55665 2.31544 1.92004 
1.57421 2.23737 1.92746 
1.65026 2.2359 1.9584 
1.72631 2.23443 1.98935 
1.80235 2.23295 2.02029 
1.8784 2.23148 2.05123 
1.95445 2.23001 2.08217 
2.03049 2.22854 2.11311 
2.10654 2.22707 2.14406 
2.18259 2.2256 2.175 
2.25863 2.22412 2.20594 
2.33468 2.22265 2.23688 
2.41073 2.22118 2.26782 
2.48677 2.21971 2.29876 
2.4835 2.23243 2.32969 
2.48022 2.24516 2.36061 
2.47694 2.25788 2.39154 
2.47366 2.2706 2.42246 
2.47038 2.28332 2.45338 
2.4671 2.29605 2.48431 
2.46382 2.30877 2.51523 
2.46055 2.32149 2.54615 
2.45727 2.33422 2.57708 
2.45399 2.34694 2.608 
2.45071 2.35966 2.63893 
2.44743 2.37239 2.66985 
2.44415 2.38511 2.70077 
2.44087 2.39783 2.7317 
2.4376 2.41055 2.76262 
2.43432 2.42328 2.79354 
2.43104 2.436 2.82447 
2.42776 2.44872 2.85539 
2.42448 2.46145 2.88631 
2.4212 2.47417 2.91724 
2.41792 2.48689 2.94816 
2.41465 2.49962 2.97909 
2.41137 2.51234 3.01001 
2.40809 2.52506 3.04093 
2.40481 2.53779 3.07186 
2.42411 2.45685 3.08261 
2.44341 2.37592 3.09336 
2.46271 2.29499 3.10411 
2.48201 2.21406 3.11486 
2.50131 2.13313 3.12561 
2.52061 2.0522 3.13636 
2.53992 1.97126 -3.13608 
2.55922 1.89033 -3.12533 
2.57852 1.8094 -3.11458 
2.59782 1.72847 -3.10383 
2.61712 1.64754 -3.09308 
2.63642 1.56661 -3.08233 
2.65572 1.48568 -3.07158 
2.67502 1.40474 -3.06083 
2.69432 1.32381 -3.05008 
2.71362 1.24288 -3.03933 
2.73292 1.16195 -3.02858 
2.75222 1.08102 -3.01783 
2.77152 1.00009 -3.00708 
2.79082 0.919155 -2.99633 
2.7381 0.857878 -3.00601 
2.68538 0.796601 -3.0157 
2.63266 0.735324 -3.02538 
2.57994 0.674047 -3.03506 
2.52722 0.61277 -3.04475 
2.47449 0.551493 -3.05443 
2.42177 0.490216 -3.06412 
2.36905 0.428939 -3.0738 
2.31633 0.367662 -3.08349 
2.26361 0.306385 -3.09317 
2.21089 0.245108 -3.10286 
2.15816 0.183831 -3.11254 
2.10544 0.122554 -3.12222 
2.05272 0.061277 -3.13191 
2 0 -3.14159 

2 0 -3.14159