-2 0 0 
-2.08081 0.00749663 -0.0190347 
-2.16162 0.0149933 -0.0380694 
-2.24244 0.0224899 -0.0571041 
-2.32325 0.0299865 -0.0761387 
-2.40406 0.0374832 -0.0951734 
-2.48487 0.0449798 -0.114208 
-2.56568 0.0524764 -0.133243 
-2.57069 0.0333299 -0.102421 
-2.5757 0.0141834 -0.0716 
-2.58071 -0.00496308 -0.0407787 
-2.58572 -0.0241096 -0.00995729 
-2.59073 -0.0432561 0.0208641 
-2.59574 -0.0624026 0.0516855 
-2.60075 -0.0815491 0.0825069 
-2.60577 -0.100696 0.113328 
-2.61078 -0.119842 0.14415 
-2.61579 -0.138989 0.174971 
-2.6208 -0.158135 0.205792 
-2.62581 -0.177282 0.236614 
-2.63082 -0.196428 0.267435 
-2.63583 -0.215575 0.298257 
-2.64084 -0.234721 0.329078 
-2.64585 -0.253868 0.359899 
-2.65086 -0.273014 0.390721 
-2.65587 -0.292161 0.421542 
-2.66088 -0.311307 0.452363 
-2.66589 -0.330454 0.483185 
-2.6709 -0.3496 0.514006 
-2.67591 -0.368746 0.544828 
-2.68092 -0.387893 0.575649 
-2.68593 -0.407039 0.60647 
-2.69094 -0.426186 0.637292 
-2.69595 -0.445332 0.668113 
-2.70096 -0.464479 0.698934 
-2.70597 -0.483625 0.729756 
-2.71098 -0.502772 0.760577 
-2.71599 -0.521918 0.791399 
-2.721 -0.541065 0.82222 
-2.72601 -0.560211 0.853041 
-2.73102 -0.579358 0.883863 
-2.73603 -0.598504 0.914684 
-2.74104 -0.617651 0.945506 
-2.74605 -0.636797 0.976327 
-2.75106 -0.655944 1.00715 
-2.75607 -0.67509 1.03797 
-2.76108 -0.694237 1.06879 
-2.76609 -0.713383 1.09961 
-2.77111 -0.73253 1.13043 
-2.77612 -0.751676 1.16126 
-2.78113 -0.770823 1.19208 
-2.78614 -0.789969 1.2229 
-2.79115 -0.809116 1.25372 
-2.79616 -0.828262 1.28454 
-2.80117 -0.847409 1.31536 
-2.80618 -0.866555 1.34618 
-2.81119 -0.885702 1.377 
-2.79413 -0.966531 1.38604 
-2.77706 -1.04736 1.39507 
-2.76 -1.12819 1.40411 
-2.74294 -1.20902 1.41314 
-2.72588 -1.28985 1.42218 
-2.70881 -1.37068 1.43121 
-2.69175 -1.4515 1.44024 
-2.67469 -1.53233 1.44928 
-2.65763 -1.61316 1.45831 
-2.64057 -1.69399 1.46735 
-2.6235 -1.77482 1.47638 
-2.60644 -1.85565 1.48542 
-2.58938 -1.93648 1.49445 
-2.57232 -2.01731 1.50348 
-2.55526 -2.09813 1.51252 
-2.53819 -2.17896 1.52155 
-2.52113 -2.25979 1.53059 
-2.50407 -2.34062 1.53962 
-2.48701 -2.42145 1.54866 
-2.46994 -2.50228 1.55769 
-2.45288 -2.58311 1.56672 
-2.43582 -2.66394 1.57576 
-2.41876 -2.74477 1.58479 
-2.3379 -2.74182 1.60522 
-2.25705 -2.73887 1.62565 
-2.17619 -2.73592 1.64608 
-2.09534 -2.73297 1.66651 
-2.01448 -2.73002 1.68694 
-1.93363 -2.72707 1.70736 
-1.85277 -2.72412 1.72779 
-1.77192 -2.72117 1.74822 
-1.69106 -2.71822 1.76865 
-1.61021 -2.71528 1.78908 
-1.52935 -2.71233 1.80951 
-1.4485 -2.70938 1.82994 
-1.36764 -2.70643 1.85036 
-1.28679 -2.70348 1.87079 
-1.20593 -2.70053 1.89122 
-1.12508 -2.69758 1.91165 
-1.04422 -2.69463 1.93208 
-0.963365 -2.69168 1.95251 
-0.88251 -2.68873 1.97294 
-0.801655 -2.68579 1.99336 
-0.815558 -2.68968 2.02473 
-0.829461 -2.69358 2.05609 
-0.843364 -2.69748 2.08745 
-0.857267 -2.70137 2.11881 
-0.87117 -2.70527 2.15018 
-0.885073 -2.70917 2.18154 
-0.898976 -2.71306 2.2129 
-0.912879 -2.71696 2.24426 
-0.926782 -2.72086 2.27562 
-0.940685 -2.72475 2.30699 
-0.954588 -2.72865 2.33835 
-0.968491 -2.73255 2.36971 
-0.982394 -2.73644 2.40107 
-0.996297 -2.74034 2.43243 
-1.0102 -2.74424 2.4638 
-1.0241 -2.74813 2.49516 
-1.03801 -2.75203 2.52652 
-1.05191 -2.75593 2.55788 
-1.06581 -2.75982 2.58924 
-1.07971 -2.76372 2.62061 
-1.09362 -2.76762 2.65197 
-1.10752 -2.77151 2.68333 
-1.12142 -2.77541 2.71469 
-1.13533 -2.77931 2.74606 
-1.14923 -2.7832 2.77742 
-1.16313 -2.7871 2.80878 
-1.17704 -2.791 2.84014 
-1.19094 -2.79489 2.8715 
-1.20484 -2.79879 2.90287 
-1.21874 -2.80269 2.93423 
-1.23265 -2.80658 2.96559 
-1.24655 -2.81048 2.99695 
-1.26045 -2.81438 3.02831 
-1.27436 -2.81827 3.05968 
-1.28826 -2.82217 3.09104 
-1.30216 -2.82607 3.1224 
-1.31607 -2.82996 -3.12942 
-1.32997 -2.83386 -3.09806 
-1.34387 -2.83776 -3.0667 
-1.35777 -2.84165 -3.03534 
-1.37168 -2.84555 -3.00397 
-1.38558 -2.84945 -2.97261 
-1.39948 -2.85334 -2.94125 
-1.41339 -2.85724 -2.90989 
-1.42729 -2.86114 -2.87853 
-1.44119 -2.86503 -2.84716 
-1.4551 -2.86893 -2.8158 
-1.469 -2.87283 -2.78444 
-1.4829 -2.87672 -2.75308 
-1.4968 -2.88062 -2.72171 
-1.51071 -2.88452 -2.69035 
-1.52461 -2.88841 -2.65899 
-1.53851 -2.89231 -2.62763 
-1.55242 -2.89621 -2.59627 
-1.56632 -2.9001 -2.5649 
-1.58022 -2.904 -2.53354 
-1.59413 -2.9079 -2.50218 
-1.60803 -2.91179 -2.47082 
-1.62193 -2.91569 -2.43946 
-1.63583 -2.91959 -2.40809 
-1.64974 -2.92348 -2.37673 
-1.66364 -2.92738 -2.34537 
-1.61169 -2.86402 -2.33413 
-1.55974 -2.80066 -2.32288 
-1.5078 -2.73731 -2.31164 
-1.45585 -2.67395 -2.3004 
-1.4039 -2.61059 -2.28916 
-1.35195 -2.54724 -2.27792 
-1.3 -2.48388 -2.26667 
-1.24806 -2.42052 -2.25543 
-1.19611 -2.35716 -2.24419 
-1.14416 -2.29381 -2.23295 
-1.09221 -2.23045 -2.2217 
-1.04026 -2.16709 -2.21046 
-0.988316 -2.10373 -2.19922 
-0.936368 -2.04038 -2.18798 
-0.88442 -1.97702 -2.17673 
-0.832472 -1.91366 -2.16549 
-0.780524 -1.8503 -2.15425 
-0.728576 -1.78695 -2.14301 
-0.727199 -1.70675 -2.14842 
-0.725822 -1.62656 -2.15383 
-0.724445 -1.54637 -2.15924 
-0.723069 -1.46618 -2.16465 
-0.721692 -1.38599 -2.17006 
-0.720315 -1.30579 -2.17547 
-0.718938 -1.2256 -2.18089 
-0.717562 -1.14541 -2.1863 
-0.716185 -1.06522 -2.19171 
-0.714808 -0.985024 -2.19712 
-0.713431 -0.904832 -2.20253 
-0.712054 -0.824639 -2.20794 
-0.710678 -0.744447 -2.21335 
-0.709301 -0.664255 -2.21876 
-0.707924 -0.584062 -2.22417 
-0.706547 -0.50387 -2.22958 
-0.705171 -0.423678 -2.235 
-0.703794 -0.343485 -2.24041 
-0.70434 -0.355382 -2.2718 
-0.704886 -0.367278 -2.30319 
-0.705431 -0.379174 -2.33458 
-0.705977 -0.391071 -2.36597 
-0.706523 -0.402967 -2.39736 
-0.707069 -0.414863 -2.42875 
-0.707615 -0.426759 -2.46014 
-0.708161 -0.438656 -2.49153 
-0.708707 -0.450552 -2.52292 
-0.709253 -0.462448 -2.55431 
-0.709799 -0.474345 -2.5857 
-0.710344 -0.486241 -2.61709 
-0.71089 -0.498137 -2.64849 
-0.711436 -0.510033 -2.67988 
-0.711982 -0.52193 -2.71127 
-0.712528 -0.533826 -2.74266 
-0.713074 -0.545722 -2.77405 
-0.71362 -0.557619 -2.80544 
-0.714166 -0.569515 -2.83683 
-0.714712 -0.581411 -2.86822 
-0.715257 -0.593308 -2.89961 
-0.715803 -0.605204 -2.931 
-0.716349 -0.6171 -2.96239 
-0.716895 -0.628996 -2.99378 
-0.717441 -0.640893 -3.02517 
-0.717987 -0.652789 -3.05656 
-0.718533 -0.664685 -3.08795 
-0.719079 -0.676582 -3.11934 
-0.719624 -0.688478 3.13245 
-0.72017 -0.700374 3.10106 
-0.720716 -0.71227 3.06967 
-0.721262 -0.724167 3.03828 
-0.721808 -0.736063 3.00689 
-0.722354 -0.747959 2.9755 
-0.7229 -0.759856 2.94411 
-0.723446 -0.771752 2.91272 
-0.723992 -0.783648 2.88132 
-0.724537 -0.795545 2.84993 
-0.725083 -0.807441 2.81854 
-0.725629 -0.819337 2.78715 
-0.726175 -0.831233 2.75576 
-0.726721 -0.84313 2.72437 
-0.727267 -0.855026 2.69298 
-0.727813 -0.866922 2.66159 
-0.728359 -0.878819 2.6302 
-0.728905 -0.890715 2.59881 
-0.72945 -0.902611 2.56742 
-0.729996 -0.914507 2.53603 
-0.730542 -0.926404 2.50464 
-0.731088 -0.9383 2.47325 
-0.731634 -0.950196 2.44186 
-0.73218 -0.962093 2.41047 
-0.732726 -0.973989 2.37907 
-0.733272 -0.985885 2.34768 
-0.733818 -0.997782 2.31629 
-0.734363 -1.00968 2.2849 
-0.734909 -1.02157 2.25351 
-0.735455 -1.03347 2.22212 
-0.736001 -1.04537 2.19073 
-0.736547 -1.05726 2.15934 
-0.737093 -1.06916 2.12795 
-0.737639 -1.08106 2.09656 
-0.738185 -1.09295 2.06517 
-0.738731 -1.10485 2.03378 
-0.739276 -1.11674 2.00239 
-0.739822 -1.12864 1.971 
-0.740368 -1.14054 1.93961 
-0.783143 -1.0748 1.92055 
-0.825918 -1.00906 1.9015 
-0.868692 -0.943325 1.88245 
-0.911467 -0.877587 1.8634 
-0.954241 -0.81185 1.84435 
-0.997016 -0.746112 1.82529 
-1.03979 -0.680375 1.80624 
-1.08257 -0.614637 1.78719 
-1.07799 -0.621381 1.81851 
-1.07341 -0.628125 1.84984 
-1.06883 -0.634869 1.88117 
-1.06426 -0.641613 1.91249 
-1.05968 -0.648357 1.94382 
-1.0551 -0.655101 1.97514 
-1.05052 -0.661845 2.00647 
-1.04595 -0.668589 2.03779 
-1.04137 -0.675333 2.06912 
-1.03679 -0.682077 2.10044 
-1.03221 -0.688821 2.13177 
-1.02764 -0.695564 2.16309 
-1.02306 -0.702308 2.19442 
-1.01848 -0.709052 2.22574 
-1.0139 -0.715796 2.25707 
-1.00933 -0.72254 2.28839 
-1.00475 -0.729284 2.31972 
-1.00017 -0.736028 2.35105 
-0.995595 -0.742772 2.38237 
-0.991017 -0.749516 2.4137 
-0.98644 -0.75626 2.44502 
-0.981862 -0.763004 2.47635 
-0.977285 -0.769748 2.50767 
-0.936488 -0.830145 2.48923 
-0.89569 -0.890541 2.47079 
-0.854893 -0.950938 2.45234 
-0.814096 -1.01134 2.4339 
-0.773299 -1.07173 2.41546 
-0.771536 -1.00666 2.38497 
-0.769773 -0.941593 2.35448 
-0.76801 -0.876523 2.32399 
-0.766247 -0.811453 2.2935 
-0.764484 -0.746383 2.26301 
-0.762721 -0.681313 2.23253 
-0.760958 -0.616243 2.20204 
-0.759195 -0.551173 2.17155 
-0.757432 -0.486104 2.14106 
-0.755669 -0.421034 2.11057 
-0.753906 -0.355964 2.08009 
-0.752143 -0.290894 2.0496 
-0.750381 -0.225824 2.01911 
-0.748618 -0.160754 1.98862 
-0.746855 -0.0956844 1.95813 
-0.709338 -0.0536082 1.93087 
-0.671822 -0.0115321 1.9036 
-0.634305 0.0305441 1.87634 
-0.631301 0.0308131 1.84514 
-0.628297 0.0310822 1.81394 
-0.625293 0.0313513 1.78273 
-0.622289 0.0316203 1.75153 
-0.619285 0.0318894 1.72033 
-0.616281 0.0321584 1.68913 
-0.613276 0.0324275 1.65792 
-0.610272 0.0326966 1.62672 
-0.607268 0.0329656 1.59552 
-0.604264 0.0332347 1.56432 
-0.60126 0.0335038 1.53312 
-0.598256 0.0337728 1.50191 
-0.595251 0.0340419 1.47071 
-0.592247 0.034311 1.43951 
-0.589243 0.03458 1.40831 
-0.586239 0.0348491 1.3771 
-0.583235 0.0351181 1.3459 
-0.580231 0.0353872 1.3147 
-0.577227 0.0356563 1.2835 
-0.574222 0.0359253 1.2523 
-0.571218 0.0361944 1.22109 
-0.568214 0.0364635 1.18989 
-0.56521 0.0367325 1.15869 
-0.562206 0.0370016 1.12749 
-0.559202 0.0372706 1.09628 
-0.556197 0.0375397 1.06508 
-0.553193 0.0378088 1.03388 
-0.550189 0.0380778 1.00268 
-0.547185 0.0383469 0.971476 
-0.544181 0.038616 0.940274 
-0.541177 0.038885 0.909072 
-0.538173 0.0391541 0.877869 
-0.535168 0.0394232 0.846667 
-0.532164 0.0396922 0.815465 
-0.52916 0.0399613 0.784263 
-0.526156 0.0402303 0.753061 
-0.523152 0.0404994 0.721859 
-0.520148 0.0407685 0.690656 
-0.517143 0.0410375 0.659454 
-0.514139 0.0413066 0.628252 
-0.511135 0.0415757 0.59705 
-0.508131 0.0418447 0.565848 
-0.505127 0.0421138 0.534645 
-0.502123 0.0423829 0.503443 
-0.499119 0.0426519 0.472241 
-0.496114 0.042921 0.441039 
-0.49311 0.04319 0.409837 
-0.490106 0.0434591 0.378635 
-0.487102 0.0437282 0.347432 
-0.40339 0.037437 0.357032 
-0.319678 0.0311459 0.366632 
-0.235967 0.0248548 0.376232 
-0.152255 0.0185637 0.385832 
-0.0685431 0.0122725 0.395431 
0.0151687 0.0059814 0.405031 
0.0988805 -0.000309729 0.414631 
0.182592 -0.00660086 0.424231 
0.266304 -0.012892 0.433831 
0.350016 -0.0191831 0.443431 
0.433728 -0.0254742 0.45303 
0.517439 -0.0317654 0.46263 
0.601151 -0.0380565 0.47223 
0.684863 -0.0443476 0.48183 
0.768575 -0.0506388 0.49143 
0.759595 -0.079076 0.517357 
0.750615 -0.107513 0.543285 
0.741635 -0.135951 0.569212 
0.775751 -0.211714 0.570463 
0.809867 -0.287477 0.571713 
0.843983 -0.36324 0.572964 
0.878099 -0.439003 0.574214 
0.912216 -0.514766 0.575465 
0.946332 -0.590529 0.576715 
0.980448 -0.666292 0.577966 
1.01456 -0.742055 0.579216 
1.04868 -0.817818 0.580467 
1.0828 -0.893581 0.581717 
1.07883 -0.897186 0.613062 
1.07487 -0.90079 0.644406 
1.0709 -0.904394 0.675751 
1.06694 -0.907999 0.707096 
1.06297 -0.911603 0.73844 
1.05901 -0.915207 0.769785 
1.05504 -0.918812 0.801129 
1.05108 -0.922416 0.832474 
1.04711 -0.92602 0.863818 
1.04315 -0.929625 0.895163 
1.03918 -0.933229 0.926507 
1.03522 -0.936833 0.957852 
1.03125 -0.940438 0.989196 
1.02729 -0.944042 1.02054 
1.02333 -0.947647 1.05189 
1.01936 -0.951251 1.08323 
1.0154 -0.954855 1.11457 
1.01143 -0.95846 1.14592 
1.00747 -0.962064 1.17726 
1.0035 -0.965668 1.20861 
0.999536 -0.969273 1.23995 
0.995572 -0.972877 1.2713 
0.991607 -0.976481 1.30264 
0.987642 -0.980086 1.33399 
0.983677 -0.98369 1.36533 
0.979712 -0.987294 1.39668 
0.975748 -0.990899 1.42802 
0.971783 -0.994503 1.45936 
0.967818 -0.998107 1.49071 
0.963853 -1.00171 1.52205 
0.959888 -1.00532 1.5534 
0.955924 -1.00892 1.58474 
0.951959 -1.01252 1.61609 
0.947994 -1.01613 1.64743 
0.944029 -1.01973 1.67878 
0.940064 -1.02334 1.71012 
0.9361 -1.02694 1.74147 
0.932135 -1.03055 1.77281 
0.92817 -1.03415 1.80415 
0.924205 -1.03776 1.8355 
0.920241 -1.04136 1.86684 
0.916276 -1.04496 1.89819 
0.912311 -1.04857 1.92953 
0.908346 -1.05217 1.96088 
0.904381 -1.05578 1.99222 
0.900417 -1.05938 2.02357 
0.896452 -1.06299 2.05491 
0.892487 -1.06659 2.08626 
0.888522 -1.07019 2.1176 
0.884557 -1.0738 2.14894 
0.880593 -1.0774 2.18029 
0.876628 -1.08101 2.21163 
0.872663 -1.08461 2.24298 
0.868698 -1.08822 2.27432 
0.864733 -1.09182 2.30567 
0.860769 -1.09542 2.33701 
0.856804 -1.09903 2.36836 
0.852839 -1.10263 2.3997 
0.848874 -1.10624 2.43105 
0.844909 -1.10984 2.46239 
0.840945 -1.11345 2.49373 
0.83698 -1.11705 2.52508 
0.833015 -1.12066 2.55642 
0.82905 -1.12426 2.58777 
0.825086 -1.12786 2.61911 
0.821121 -1.13147 2.65046 
0.817156 -1.13507 2.6818 
0.813191 -1.13868 2.71315 
0.809226 -1.14228 2.74449 
0.805262 -1.14589 2.77584 
0.801297 -1.14949 2.80718 
0.797332 -1.15309 2.83852 
0.793367 -1.1567 2.86987 
0.789402 -1.1603 2.90121 
0.785438 -1.16391 2.93256 
0.781473 -1.16751 2.9639 
0.777508 -1.17112 2.99525 
0.773543 -1.17472 3.02659 
0.769578 -1.17832 3.05794 
0.770704 -1.19874 3.0885 
0.77183 -1.21915 3.11907 
0.772956 -1.23956 -3.13354 
0.774082 -1.25997 -3.10298 
0.775207 -1.28038 -3.07241 
0.776333 -1.30079 -3.04184 
0.777459 -1.3212 -3.01127 
0.778585 -1.34161 -2.9807 
0.77971 -1.36203 -2.95013 
0.780836 -1.38244 -2.91956 
0.781962 -1.40285 -2.889 
0.783088 -1.42326 -2.85843 
0.784214 -1.44367 -2.82786 
0.785339 -1.46408 -2.79729 
0.786465 -1.48449 -2.76672 
0.787591 -1.5049 -2.73615 
0.788717 -1.52532 -2.70558 
0.789842 -1.54573 -2.67502 
0.790968 -1.56614 -2.64445 
0.792094 -1.58655 -2.61388 
0.79322 -1.60696 -2.58331 
0.794346 -1.62737 -2.55274 
0.795471 -1.64778 -2.52217 
0.796597 -1.66819 -2.49161 
0.797723 -1.68861 -2.46104 
0.808139 -1.71047 -2.4916 
0.818554 -1.73234 -2.52216 
0.82897 -1.75421 -2.55272 
0.839385 -1.77607 -2.58328 
0.849801 -1.79794 -2.61384 
0.860217 -1.81981 -2.6444 
0.870632 -1.84168 -2.67497 
0.881048 -1.86354 -2.70553 
0.891464 -1.88541 -2.73609 
0.901879 -1.90728 -2.76665 
0.912295 -1.92915 -2.79721 
0.922711 -1.95101 -2.82777 
0.933126 -1.97288 -2.85833 
0.943542 -1.99475 -2.88889 
0.953958 -2.01662 -2.91946 
0.964373 -2.03848 -2.95002 
0.974789 -2.06035 -2.98058 
0.985205 -2.08222 -3.01114 
0.99562 -2.10408 -3.0417 
1.00604 -2.12595 -3.07226 
1.01645 -2.14782 -3.10282 
1.02687 -2.16969 -3.13338 
1.03728 -2.19155 3.11924 
1.0477 -2.21342 3.08868 
1.05811 -2.23529 3.05812 
1.06853 -2.25716 3.02756 
1.07895 -2.27902 2.99699 
1.08936 -2.30089 2.96643 
1.09978 -2.32276 2.93587 
1.11019 -2.34462 2.90531 
1.12061 -2.36649 2.87475 
1.13102 -2.38836 2.84419 
1.14144 -2.41023 2.81363 
1.22081 -2.39327 2.84057 
1.30019 -2.37632 2.86751 
1.37956 -2.35936 2.89445 
1.45893 -2.34241 2.92139 
1.53831 -2.32545 2.94833 
1.61768 -2.3085 2.97527 
1.69706 -2.29155 3.0022 
1.77643 -2.27459 3.02914 
1.8558 -2.25764 3.05608 
1.93518 -2.24068 3.08302 
2.01455 -2.22373 3.10996 
2.09393 -2.20677 3.1369 
2.1733 -2.18982 -3.11934 
2.25267 -2.17286 -3.0924 
2.33205 -2.15591 -3.06546 
2.41142 -2.13896 -3.03852 
2.49079 -2.122 -3.01158 
2.50748 -2.04016 -3.00374 
2.52417 -1.95833 -2.99589 
2.54086 -1.87649 -2.98804 
2.55755 -1.79466 -2.9802 
2.57424 -1.71282 -2.97235 
2.59093 -1.63098 -2.9645 
2.60762 -1.54915 -2.95665 
2.62431 -1.46731 -2.94881 
2.641 -1.38547 -2.94096 
2.65769 -1.30364 -2.93311 
2.67438 -1.2218 -2.92527 
2.69107 -1.13997 -2.91742 
2.70776 -1.05813 -2.90957 
2.72445 -0.976294 -2.90173 
2.74114 -0.894458 -2.89388 
2.75783 -0.812622 -2.88603 
2.77452 -0.730785 -2.87818 
2.79121 -0.648949 -2.87034 
2.80789 -0.567113 -2.86249 
2.82458 -0.485277 -2.85464 
2.84127 -0.403441 -2.8468 
2.85796 -0.321604 -2.83895 
2.87465 -0.239768 -2.8311 
2.79514 -0.217971 -2.85933 
2.71562 -0.196174 -2.88756 
2.63611 -0.174377 -2.91578 
2.5566 -0.15258 -2.94401 
2.47708 -0.130783 -2.97223 
2.39757 -0.108986 -3.00046 
2.31806 -0.0871885 -3.02869 
2.23854 -0.0653913 -3.05691 
2.15903 -0.0435942 -3.08514 
2.07951 -0.0217971 -3.11337 
2 0 -3.14159 

2 0 -3.14159