-2 0 0 
-2.08302 0.0068263 -0.0243227 
-2.16604 0.0136526 -0.0486455 
-2.24907 0.0204789 -0.0729682 
-2.33209 0.0273052 -0.097291 
-2.41511 0.0341315 -0.121614 
-2.49813 0.0409578 -0.145936 
-2.58116 0.0477841 -0.170259 
-2.66418 0.0546104 -0.194582 
-2.66222 0.0589803 -0.164057 
-2.66025 0.0633501 -0.133531 
-2.65829 0.06772 -0.103006 
-2.65633 0.0720899 -0.0724801 
-2.65437 0.0764598 -0.0419547 
-2.65241 0.0808297 -0.0114292 
-2.65044 0.0851996 0.0190962 
-2.64848 0.0895694 0.0496217 
-2.64652 0.0939393 0.0801472 
-2.64456 0.0983092 0.110673 
-2.6426 0.102679 0.141198 
-2.64063 0.107049 0.171724 
-2.63867 0.111419 0.202249 
-2.65595 0.194367 0.184969 
-2.67322 0.277314 0.167689 
-2.6905 0.360262 0.150409 
-2.70777 0.44321 0.13313 
-2.72505 0.526157 0.11585 
-2.74232 0.609105 0.0985698 
-2.7596 0.692053 0.0812899 
-2.77687 0.775 0.06401 
-2.79415 0.857948 0.0467302 
-2.81142 0.940896 0.0294503 
-2.8287 1.02384 0.0121704 
-2.84597 1.10679 -0.00510943 
-2.86325 1.18974 -0.0223893 
-2.88052 1.27269 -0.0396692 
-2.8978 1.35563 -0.056949 
-2.91508 1.43858 -0.0742289 
-2.89625 1.50934 -0.10461 
-2.87742 1.5801 -0.134991 
-2.85859 1.65086 -0.165373 
-2.83976 1.72162 -0.195754 
-2.82093 1.79237 -0.226135 
-2.80209 1.86313 -0.256517 
-2.78326 1.93389 -0.286898 
-2.76443 2.00465 -0.317279 
-2.7456 2.07541 -0.34766 
-2.72677 2.14617 -0.378042 
-2.70794 2.21692 -0.408423 
-2.68911 2.28768 -0.438804 
-2.67028 2.35844 -0.469185 
-2.65145 2.4292 -0.499567 
-2.63262 2.49996 -0.529948 
-2.61379 2.57072 -0.560329 
-2.59496 2.64148 -0.590711 
-2.57613 2.71223 -0.621092 
-2.5573 2.78299 -0.651473 
-2.53847 2.85375 -0.681854 
-2.51964 2.92451 -0.712236 
-2.49671 2.91424 -0.681243 
-2.47377 2.90398 -0.650251 
-2.45083 2.89371 -0.619259 
-2.42789 2.88345 -0.588267 
-2.40495 2.87318 -0.557275 
-2.38202 2.86291 -0.526282 
-2.35908 2.85265 -0.49529 
-2.33614 2.84238 -0.464298 
-2.3132 2.83212 -0.433306 
-2.29026 2.82185 -0.402314 
-2.26732 2.81159 -0.371321 
-2.24439 2.80132 -0.340329 
-2.22145 2.79105 -0.309337 
-2.19851 2.78079 -0.278345 
-2.17557 2.77052 -0.247353 
-2.15263 2.76026 -0.21636 
-2.12969 2.74999 -0.185368 
-2.10676 2.73972 -0.154376 
-2.08382 2.72946 -0.123384 
-2.06088 2.71919 -0.0923917 
-2.03794 2.70893 -0.0613995 
-2.015 2.69866 -0.0304073 
-1.99207 2.6884 0.000584865 
-1.96913 2.67813 0.0315771 
-1.94619 2.66786 0.0625693 
-1.92325 2.6576 0.0935614 
-1.90031 2.64733 0.124554 
-1.87737 2.63707 0.155546 
-1.85444 2.6268 0.186538 
-1.8315 2.61654 0.21753 
-1.80856 2.60627 0.248522 
-1.78562 2.596 0.279515 
-1.76268 2.58574 0.310507 
-1.73975 2.57547 0.341499 
-1.71681 2.56521 0.372491 
-1.69387 2.55494 0.403483 
-1.67093 2.54467 0.434476 
-1.65326 2.5425 0.403225 
-1.63559 2.54033 0.371975 
-1.61793 2.53816 0.340725 
-1.60026 2.53599 0.309475 
-1.58259 2.53382 0.278225 
-1.56492 2.53165 0.246975 
-1.54725 2.52948 0.215725 
-1.52958 2.52731 0.184474 
-1.51191 2.52514 0.153224 
-1.49425 2.52297 0.121974 
-1.47658 2.5208 0.090724 
-1.45891 2.51863 0.0594738 
-1.44124 2.51646 0.0282237 
-1.42357 2.51429 -0.00302646 
-1.4059 2.51212 -0.0342766 
-1.38823 2.50995 -0.0655267 
-1.37057 2.50778 -0.0967769 
-1.3529 2.5056 -0.128027 
-1.33523 2.50343 -0.159277 
-1.31756 2.50126 -0.190527 
-1.29989 2.49909 -0.221777 
-1.28222 2.49692 -0.253028 
-1.26455 2.49475 -0.284278 
-1.24689 2.49258 -0.315528 
-1.22922 2.49041 -0.346778 
-1.21155 2.48824 -0.378028 
-1.19388 2.48607 -0.409278 
-1.17621 2.4839 -0.440529 
-1.15854 2.48173 -0.471779 
-1.14087 2.47956 -0.503029 
-1.12321 2.47739 -0.534279 
-1.10554 2.47522 -0.565529 
-1.08787 2.47305 -0.596779 
-1.0702 2.47088 -0.628029 
-1.05253 2.46871 -0.65928 
-1.03486 2.46654 -0.69053 
-1.01719 2.46436 -0.72178 
-0.999526 2.46219 -0.75303 
-0.981857 2.46002 -0.78428 
-0.964189 2.45785 -0.81553 
-0.94652 2.45568 -0.84678 
-0.928852 2.45351 -0.878031 
-0.911183 2.45134 -0.909281 
-0.893514 2.44917 -0.940531 
-0.875846 2.447 -0.971781 
-0.858177 2.44483 -1.00303 
-0.840509 2.44266 -1.03428 
-0.82284 2.44049 -1.06553 
-0.805172 2.43832 -1.09678 
-0.804829 2.43386 -1.12806 
-0.804486 2.4294 -1.15934 
-0.804144 2.42494 -1.19061 
-0.803801 2.42048 -1.22189 
-0.803459 2.41602 -1.25317 
-0.803116 2.41156 -1.28444 
-0.802773 2.4071 -1.31572 
-0.802431 2.40264 -1.347 
-0.802088 2.39818 -1.37827 
-0.801745 2.39372 -1.40955 
-0.801403 2.38925 -1.44083 
-0.80106 2.38479 -1.4721 
-0.800718 2.38033 -1.50338 
-0.800375 2.37587 -1.53466 
-0.800032 2.37141 -1.56593 
-0.79969 2.36695 -1.59721 
-0.799347 2.36249 -1.62849 
-0.799004 2.35803 -1.65976 
-0.798662 2.35357 -1.69104 
-0.798319 2.34911 -1.72232 
-0.797977 2.34465 -1.7536 
-0.797634 2.34019 -1.78487 
-0.797291 2.33573 -1.81615 
-0.796949 2.33127 -1.84743 
-0.796606 2.32681 -1.8787 
-0.796263 2.32235 -1.90998 
-0.795921 2.31789 -1.94126 
-0.795578 2.31343 -1.97253 
-0.795235 2.30897 -2.00381 
-0.794893 2.30451 -2.03509 
-0.79455 2.30005 -2.06636 
-0.794208 2.29559 -2.09764 
-0.793865 2.29113 -2.12892 
-0.793522 2.28667 -2.16019 
-0.79318 2.28221 -2.19147 
-0.792837 2.27775 -2.22275 
-0.792494 2.27329 -2.25402 
-0.792152 2.26883 -2.2853 
-0.791809 2.26436 -2.31658 
-0.791467 2.2599 -2.34786 
-0.791124 2.25544 -2.37913 
-0.790781 2.25098 -2.41041 
-0.790439 2.24652 -2.44169 
-0.790096 2.24206 -2.47296 
-0.789753 2.2376 -2.50424 
-0.789411 2.23314 -2.53552 
-0.789068 2.22868 -2.56679 
-0.788726 2.22422 -2.59807 
-0.788383 2.21976 -2.62935 
-0.78804 2.2153 -2.66062 
-0.787698 2.21084 -2.6919 
-0.787355 2.20638 -2.72318 
-0.787012 2.20192 -2.75445 
-0.78667 2.19746 -2.78573 
-0.786327 2.193 -2.81701 
-0.785985 2.18854 -2.84828 
-0.785642 2.18408 -2.87956 
-0.785299 2.17962 -2.91084 
-0.784957 2.17516 -2.94212 
-0.784614 2.1707 -2.97339 
-0.784271 2.16624 -3.00467 
-0.783929 2.16178 -3.03595 
-0.783586 2.15732 -3.06722 
-0.783243 2.15286 -3.0985 
-0.782901 2.1484 -3.12978 
-0.782558 2.14394 3.12213 
-0.782216 2.13948 3.09086 
-0.781873 2.13501 3.05958 
-0.78153 2.13055 3.0283 
-0.781188 2.12609 2.99702 
-0.780845 2.12163 2.96575 
-0.780502 2.11717 2.93447 
-0.78016 2.11271 2.90319 
-0.779817 2.10825 2.87192 
-0.779475 2.10379 2.84064 
-0.779132 2.09933 2.80936 
-0.778789 2.09487 2.77809 
-0.778447 2.09041 2.74681 
-0.775975 2.0705 2.77784 
-0.773502 2.0506 2.80887 
-0.77103 2.03069 2.8399 
-0.768558 2.01078 2.87093 
-0.766086 1.99087 2.90196 
-0.763614 1.97096 2.93299 
-0.761142 1.95106 2.96402 
-0.75867 1.93115 2.99505 
-0.756198 1.91124 3.02608 
-0.753726 1.89133 3.05711 
-0.751254 1.87142 3.08815 
-0.748781 1.85152 3.11918 
-0.746309 1.83161 -3.13298 
-0.743837 1.8117 -3.10195 
-0.741365 1.79179 -3.07092 
-0.738893 1.77188 -3.03989 
-0.736421 1.75198 -3.00886 
-0.733949 1.73207 -2.97783 
-0.731477 1.71216 -2.9468 
-0.729005 1.69225 -2.91577 
-0.726532 1.67235 -2.88474 
-0.72406 1.65244 -2.85371 
-0.721588 1.63253 -2.82267 
-0.719116 1.61262 -2.79164 
-0.716644 1.59271 -2.76061 
-0.714172 1.57281 -2.72958 
-0.7117 1.5529 -2.69855 
-0.709228 1.53299 -2.66752 
-0.706756 1.51308 -2.63649 
-0.704284 1.49317 -2.60546 
-0.701811 1.47327 -2.57443 
-0.701835 1.4643 -2.60508 
-0.701859 1.45534 -2.63572 
-0.701883 1.44638 -2.66637 
-0.701907 1.43742 -2.69702 
-0.701931 1.42846 -2.72766 
-0.701955 1.4195 -2.75831 
-0.701979 1.41053 -2.78896 
-0.702343 1.32868 -2.81677 
-0.702706 1.24682 -2.84458 
-0.70307 1.16497 -2.87239 
-0.703434 1.08311 -2.9002 
-0.703797 1.00126 -2.92801 
-0.704161 0.919402 -2.95583 
-0.704525 0.837547 -2.98364 
-0.704888 0.755691 -3.01145 
-0.705252 0.673836 -3.03926 
-0.705616 0.591981 -3.06707 
-0.705979 0.510125 -3.09488 
-0.706343 0.42827 -3.12269 
-0.706707 0.346414 3.13268 
-0.70707 0.264559 3.10487 
-0.707434 0.182704 3.07706 
-0.707797 0.100848 3.04925 
-0.708161 0.0189928 3.02143 
-0.678065 0.0162901 2.99003 
-0.647969 0.0135874 2.95863 
-0.617872 0.0108847 2.92723 
-0.587776 0.008182 2.89583 
-0.55768 0.00547931 2.86443 
-0.527584 0.00277661 2.83302 
-0.497487 7.39111e-05 2.80162 
-0.467391 -0.00262879 2.77022 
-0.437295 -0.00533148 2.73882 
-0.407199 -0.00803418 2.70742 
-0.377102 -0.0107369 2.67601 
-0.347006 -0.0134396 2.64461 
-0.31691 -0.0161423 2.61321 
-0.286814 -0.018845 2.58181 
-0.256717 -0.0215477 2.55041 
-0.226621 -0.0242504 2.51901 
-0.196525 -0.0269531 2.4876 
-0.166429 -0.0296558 2.4562 
-0.136332 -0.0323585 2.4248 
-0.106236 -0.0350612 2.3934 
-0.0922299 -0.0351609 2.42475 
-0.0782235 -0.0352607 2.45609 
-0.0642171 -0.0353604 2.48744 
-0.0502107 -0.0354602 2.51879 
-0.0362044 -0.0355599 2.55013 
-0.022198 -0.0356597 2.58148 
-0.00819161 -0.0357594 2.61283 
0.00581476 -0.0358592 2.64417 
0.0198211 -0.0359589 2.67552 
0.0338275 -0.0360587 2.70687 
0.0478339 -0.0361584 2.73822 
0.0618403 -0.0362582 2.76956 
0.0758466 -0.0363579 2.80091 
0.089853 -0.0364577 2.83226 
0.103859 -0.0365574 2.8636 
0.117866 -0.0366572 2.89495 
0.131872 -0.0367569 2.9263 
0.145879 -0.0368567 2.95764 
0.159885 -0.0369564 2.98899 
0.173891 -0.0370562 3.02034 
0.187898 -0.0371559 3.05169 
0.201904 -0.0372557 3.08303 
0.21591 -0.0373554 3.11438 
0.229917 -0.0374552 -3.13746 
0.243923 -0.0375549 -3.10611 
0.25793 -0.0376547 -3.07476 
0.271936 -0.0377545 -3.04342 
0.285942 -0.0378542 -3.01207 
0.299949 -0.037954 -2.98072 
0.313955 -0.0380537 -2.94938 
0.327961 -0.0381535 -2.91803 
0.341968 -0.0382532 -2.88668 
0.355974 -0.038353 -2.85534 
0.369981 -0.0384527 -2.82399 
0.383987 -0.0385525 -2.79264 
0.397993 -0.0386522 -2.76129 
0.412 -0.038752 -2.72995 
0.426006 -0.0388517 -2.6986 
0.440012 -0.0389515 -2.66725 
0.454019 -0.0390512 -2.63591 
0.468025 -0.039151 -2.60456 
0.482032 -0.0392507 -2.57321 
0.496038 -0.0393505 -2.54187 
0.510044 -0.0394502 -2.51052 
0.524051 -0.03955 -2.47917 
0.538057 -0.0396497 -2.44782 
0.533639 -0.0396446 -2.47865 
0.529221 -0.0396395 -2.50947 
0.524803 -0.0396344 -2.54029 
0.520384 -0.0396293 -2.57111 
0.515966 -0.0396242 -2.60194 
0.511548 -0.0396191 -2.63276 
0.50713 -0.039614 -2.66358 
0.502712 -0.0396089 -2.6944 
0.498294 -0.0396038 -2.72523 
0.493876 -0.0395987 -2.75605 
0.489457 -0.0395936 -2.78687 
0.485039 -0.0395885 -2.8177 
0.480621 -0.0395835 -2.84852 
0.476203 -0.0395784 -2.87934 
0.471785 -0.0395733 -2.91016 
0.467367 -0.0395682 -2.94099 
0.462949 -0.0395631 -2.97181 
0.45853 -0.039558 -3.00263 
0.454112 -0.0395529 -3.03345 
0.449694 -0.0395478 -3.06428 
0.445276 -0.0395427 -3.0951 
0.440858 -0.0395376 -3.12592 
0.43644 -0.0395325 3.12644 
0.432022 -0.0395274 3.09562 
0.427603 -0.0395223 3.0648 
0.423185 -0.0395172 3.03397 
0.418767 -0.0395121 3.00315 
0.414349 -0.039507 2.97233 
0.409931 -0.0395019 2.94151 
0.405513 -0.0394968 2.91068 
0.401094 -0.0394917 2.87986 
0.396676 -0.0394866 2.84904 
0.392258 -0.0394815 2.81822 
0.38784 -0.0394764 2.78739 
0.383422 -0.0394713 2.75657 
0.387644 -0.0386486 2.72525 
0.391867 -0.0378259 2.69393 
0.396089 -0.0370032 2.66261 
0.400312 -0.0361805 2.63129 
0.404534 -0.0353578 2.59997 
0.408757 -0.0345351 2.56865 
0.412979 -0.0337124 2.53733 
0.417202 -0.0328897 2.50601 
0.421424 -0.032067 2.47469 
0.425647 -0.0312443 2.44336 
0.429869 -0.0304216 2.41204 
0.434092 -0.0295989 2.38072 
0.438314 -0.0287762 2.3494 
0.442537 -0.0279535 2.31808 
0.446759 -0.0271308 2.28676 
0.450982 -0.0263081 2.25544 
0.455204 -0.0254854 2.22412 
0.459427 -0.0246627 2.1928 
0.463649 -0.02384 2.16148 
0.467872 -0.0230173 2.13016 
0.472094 -0.0221946 2.09884 
0.476317 -0.0213719 2.06752 
0.480539 -0.0205492 2.0362 
0.484762 -0.0197265 2.00488 
0.488984 -0.0189038 1.97355 
0.493207 -0.0180811 1.94223 
0.497429 -0.0172584 1.91091 
0.501652 -0.0164357 1.87959 
0.505874 -0.015613 1.84827 
0.510097 -0.0147904 1.81695 
0.514319 -0.0139677 1.78563 
0.518542 -0.013145 1.75431 
0.522764 -0.0123223 1.72299 
0.526987 -0.0114996 1.69167 
0.531209 -0.0106769 1.66035 
0.535432 -0.00985417 1.62903 
0.539654 -0.00903147 1.59771 
0.543877 -0.00820877 1.56639 
0.548099 -0.00738607 1.53507 
0.552322 -0.00656337 1.50374 
0.556544 -0.00574068 1.47242 
0.560766 -0.00491798 1.4411 
0.564989 -0.00409528 1.40978 
0.569211 -0.00327258 1.37846 
0.573434 -0.00244989 1.34714 
0.577656 -0.00162719 1.31582 
0.581879 -0.000804491 1.2845 
0.586101 1.82068e-05 1.25318 
0.590324 0.000840904 1.22186 
0.594546 0.0016636 1.19054 
0.598769 0.0024863 1.15922 
0.602991 0.003309 1.1279 
0.607214 0.0041317 1.09658 
0.611436 0.00495439 1.06526 
0.615659 0.00577709 1.03393 
0.619881 0.00659979 1.00261 
0.624104 0.00742249 0.971293 
0.628326 0.00824518 0.939972 
0.632549 0.00906788 0.908652 
0.636771 0.00989058 0.877331 
0.640994 0.0107133 0.84601 
0.645216 0.011536 0.81469 
0.649439 0.0123587 0.783369 
0.653661 0.0131814 0.752048 
0.657884 0.0140041 0.720728 
0.662106 0.0148268 0.689407 
0.666329 0.0156495 0.658086 
0.670551 0.0164722 0.626766 
0.674774 0.0172949 0.595445 
0.678996 0.0181176 0.564124 
0.683219 0.0189403 0.532804 
0.687441 0.019763 0.501483 
0.691664 0.0205856 0.470162 
0.695886 0.0214083 0.438842 
0.700109 0.022231 0.407521 
0.704331 0.0230537 0.3762 
0.708554 0.0238764 0.34488 
0.712776 0.0246991 0.313559 
0.716999 0.0255218 0.282238 
0.721221 0.0263445 0.250917 
0.725444 0.0271672 0.219597 
0.729666 0.0279899 0.188276 
0.733889 0.0288126 0.156955 
0.738111 0.0296353 0.125635 
0.742334 0.030458 0.0943141 
0.746556 0.0312807 0.0629934 
0.750779 0.0321034 0.0316728 
0.755001 0.0329261 0.000352079 
0.759224 0.0337488 -0.0309686 
0.763446 0.0345715 -0.0622893 
0.767668 0.0353942 -0.0936099 
0.765066 0.112527 -0.114144 
0.762464 0.18966 -0.134679 
0.759861 0.266792 -0.155213 
0.757259 0.343925 -0.175748 
0.754656 0.421058 -0.196282 
0.752054 0.49819 -0.216816 
0.749452 0.575323 -0.237351 
0.746849 0.652456 -0.257885 
0.75 0.679205 -0.288793 
0.75315 0.705954 -0.3197 
0.756301 0.732703 -0.350608 
0.759451 0.759452 -0.381515 
0.762601 0.786201 -0.412423 
0.765752 0.81295 -0.44333 
0.768902 0.839699 -0.474238 
0.772053 0.866448 -0.505145 
0.775203 0.893197 -0.536053 
0.778354 0.919946 -0.56696 
0.781504 0.946695 -0.597868 
0.784655 0.973444 -0.628775 
0.787805 1.00019 -0.659683 
0.790955 1.02694 -0.69059 
0.794106 1.05369 -0.721498 
0.797256 1.08044 -0.752405 
0.800407 1.10719 -0.783313 
0.803557 1.13394 -0.81422 
0.806708 1.16069 -0.845128 
0.809858 1.18744 -0.876035 
0.813008 1.21418 -0.906943 
0.816159 1.24093 -0.93785 
0.819309 1.26768 -0.968758 
0.82246 1.29443 -0.999665 
0.825893 1.32188 -1.03077 
0.829326 1.34932 -1.06187 
0.832759 1.37676 -1.09298 
0.836192 1.40421 -1.12408 
0.839625 1.43165 -1.15519 
0.843058 1.45909 -1.18629 
0.846491 1.48654 -1.2174 
0.849924 1.51398 -1.2485 
0.853357 1.54142 -1.27961 
0.856791 1.56887 -1.31071 
0.860224 1.59631 -1.34182 
0.863657 1.62376 -1.37292 
0.86709 1.6512 -1.40403 
0.870523 1.67864 -1.43513 
0.873956 1.70609 -1.46623 
0.877389 1.73353 -1.49734 
0.880822 1.76097 -1.52844 
0.884255 1.78842 -1.55955 
0.887688 1.81586 -1.59065 
0.891121 1.8433 -1.62176 
0.894554 1.87075 -1.65286 
0.897987 1.89819 -1.68397 
0.901421 1.92564 -1.71507 
0.904854 1.95308 -1.74618 
0.908287 1.98052 -1.77728 
0.91172 2.00797 -1.80839 
0.915153 2.03541 -1.83949 
0.918586 2.06285 -1.87059 
0.922019 2.0903 -1.9017 
0.967759 2.09736 -1.93284 
1.0135 2.10442 -1.96397 
1.05924 2.11149 -1.99511 
1.10498 2.11855 -2.02625 
1.15072 2.12561 -2.05739 
1.19646 2.13268 -2.08852 
1.2422 2.13974 -2.11966 
1.28794 2.1468 -2.1508 
1.33368 2.15386 -2.18194 
1.37942 2.16093 -2.21308 
1.42516 2.16799 -2.24421 
1.4709 2.17505 -2.27535 
1.51664 2.18212 -2.30649 
1.56238 2.18918 -2.33763 
1.60812 2.19624 -2.36876 
1.65386 2.20331 -2.3999 
1.6996 2.21037 -2.43104 
1.74534 2.21743 -2.46218 
1.79108 2.22449 -2.49331 
1.83682 2.23156 -2.52445 
1.88256 2.23862 -2.55559 
1.9283 2.24568 -2.58673 
1.97404 2.25275 -2.61786 
2.01978 2.25981 -2.649 
2.06552 2.26687 -2.68014 
2.11126 2.27394 -2.71128 
2.157 2.281 -2.74241 
2.17756 2.25935 -2.71134 
2.19812 2.23771 -2.68028 
2.21869 2.21606 -2.64921 
2.23925 2.19442 -2.61814 
2.25981 2.17277 -2.58707 
2.28038 2.15112 -2.556 
2.30094 2.12948 -2.52493 
2.3215 2.10783 -2.49387 
2.34207 2.08619 -2.4628 
2.36263 2.06454 -2.43173 
2.38319 2.04289 -2.40066 
2.40375 2.02125 -2.36959 
2.42432 1.9996 -2.33852 
2.44488 1.97796 -2.30746 
2.46544 1.95631 -2.27639 
2.48601 1.93466 -2.24532 
2.50657 1.91302 -2.21425 
2.52713 1.89137 -2.18318 
2.5477 1.86973 -2.15211 
2.56826 1.84808 -2.12104 
2.58882 1.82643 -2.08998 
2.60938 1.80479 -2.05891 
2.62995 1.78314 -2.02784 
2.65051 1.7615 -1.99677 
2.67107 1.73985 -1.9657 
2.69164 1.71821 -1.93463 
2.7122 1.69656 -1.90357 
2.73276 1.67491 -1.8725 
2.75333 1.65327 -1.84143 
2.77389 1.63162 -1.81036 
2.79445 1.60998 -1.77929 
2.81501 1.58833 -1.74822 
2.83558 1.56668 -1.71715 
2.85614 1.54504 -1.68609 
2.8767 1.52339 -1.65502 
2.89727 1.50175 -1.62395 
2.91783 1.4801 -1.59288 
2.93839 1.45845 -1.56181 
2.95896 1.43681 -1.53074 
2.97952 1.41516 -1.49968 
2.96328 1.373 -1.53103 
2.94704 1.33084 -1.56238 
2.9308 1.28868 -1.59374 
2.91456 1.24652 -1.62509 
2.89832 1.20436 -1.65644 
2.88207 1.1622 -1.6878 
2.86583 1.12004 -1.71915 
2.84959 1.07788 -1.7505 
2.83335 1.03571 -1.78186 
2.81711 0.993553 -1.81321 
2.80087 0.951392 -1.84456 
2.78463 0.909231 -1.87592 
2.76839 0.867071 -1.90727 
2.75215 0.82491 -1.93862 
2.73591 0.782749 -1.96997 
2.71967 0.740588 -2.00133 
2.70343 0.698427 -2.03268 
2.68719 0.656266 -2.06403 
2.67095 0.614105 -2.09539 
2.65471 0.571944 -2.12674 
2.63846 0.529783 -2.15809 
2.62222 0.487622 -2.18945 
2.60598 0.445462 -2.2208 
2.58974 0.403301 -2.25215 
2.5735 0.36114 -2.28351 
2.55726 0.318979 -2.31486 
2.54102 0.276818 -2.34621 
2.52021 0.266171 -2.37681 
2.4994 0.255524 -2.4074 
2.4786 0.244877 -2.43799 
2.45779 0.234231 -2.46858 
2.43698 0.223584 -2.49917 
2.41617 0.212937 -2.52976 
2.39536 0.20229 -2.56035 
2.37455 0.191643 -2.59095 
2.35374 0.180996 -2.62154 
2.33294 0.17035 -2.65213 
2.31213 0.159703 -2.68272 
2.29132 0.149056 -2.71331 
2.27051 0.138409 -2.7439 
2.2497 0.127762 -2.77449 
2.22889 0.117115 -2.80509 
2.20808 0.106468 -2.83568 
2.18728 0.0958216 -2.86627 
2.16647 0.0851748 -2.89686 
2.14566 0.0745279 -2.92745 
2.12485 0.0638811 -2.95804 
2.10404 0.0532342 -2.98864 
2.08323 0.0425874 -3.01923 
2.06243 0.0319405 -3.04982 
2.04162 0.0212937 -3.08041 
2.02081 0.0106468 -3.111 
2 0 -3.14159 

2 0 -3.14159