2.675 6.5 1.5708 
3.05505 6.53076 1.60003 
3.43511 6.56152 1.62926 
3.81516 6.59227 1.6585 
4.19521 6.62303 1.68773 
4.57526 6.65379 1.71696 
4.95532 6.68455 1.7462 
5.33537 6.71531 1.77543 
5.71542 6.74606 1.80466 
6.09548 6.77682 1.8339 
6.47553 6.80758 1.86313 
6.85558 6.83834 1.89236 
7.23564 6.8691 1.9216 
7.61569 6.89985 1.95083 
7.99574 6.93061 1.98007 
8.37579 6.96137 2.0093 
8.75585 6.99213 2.03853 
9.1359 7.02289 2.06777 
9.51595 7.05364 2.097 
9.89601 7.0844 2.12623 
10.2761 7.11516 2.15547 
10.6561 7.14592 2.1847 
10.6998 7.3014 2.21549 
10.7434 7.45689 2.24628 
10.7871 7.61238 2.27708 
10.8308 7.76786 2.30787 
10.8744 7.92335 2.33866 
10.9181 8.07884 2.36945 
10.9617 8.23433 2.40025 
11.0054 8.38981 2.43104 
11.0491 8.5453 2.46183 
11.0927 8.70079 2.49262 
11.1364 8.85627 2.52342 
11.1801 9.01176 2.55421 
11.2237 9.16725 2.585 
11.2674 9.32273 2.61579 
11.311 9.47822 2.64659 
11.3547 9.63371 2.67738 
11.3984 9.78919 2.70817 
11.442 9.94468 2.73896 
11.4857 10.1002 2.76975 
11.5294 10.2557 2.80055 
11.573 10.4111 2.83134 
11.6167 10.5666 2.86213 
11.6603 10.7221 2.89292 
11.704 10.8776 2.92372 
11.7477 11.0331 2.95451 
11.7913 11.1886 2.9853 
11.835 11.3441 3.01609 
11.8787 11.4995 3.04689 
11.9223 11.655 3.07768 
11.966 11.8105 3.10847 
12.0096 11.966 3.13926 
12.0533 12.1215 -3.11313 
12.097 12.277 -3.08234 
12.1406 12.4325 -3.05154 
12.1843 12.588 -3.02075 
12.2279 12.7434 -2.98996 
12.2716 12.8989 -2.95917 
12.3153 13.0544 -2.92838 
12.3589 13.2099 -2.89758 
12.4026 13.3654 -2.86679 
12.4463 13.5209 -2.836 
12.4899 13.6764 -2.80521 
12.5336 13.8318 -2.77441 
12.5772 13.9873 -2.74362 
12.6209 14.1428 -2.71283 
12.6646 14.2983 -2.68204 
12.7082 14.4538 -2.65124 
12.9412 14.4126 -2.62053 
13.1742 14.3713 -2.58981 
13.4071 14.3301 -2.55909 
13.6401 14.2889 -2.52837 
13.8731 14.2477 -2.49765 
14.106 14.2064 -2.46693 
14.339 14.1652 -2.43621 
14.5719 14.124 -2.40549 
14.8049 14.0827 -2.37477 
15.0379 14.0415 -2.34405 
15.2708 14.0003 -2.31333 
15.5038 13.9591 -2.28262 
15.7368 13.9178 -2.2519 
15.9697 13.8766 -2.22118 
16.2027 13.8354 -2.19046 
16.4357 13.7941 -2.15974 
16.6686 13.7529 -2.12902 
16.9016 13.7117 -2.0983 
17.1346 13.6705 -2.06758 
17.3675 13.6292 -2.03686 
17.6005 13.588 -2.00614 
17.8335 13.5468 -1.97542 
18.0664 13.5055 -1.94471 
18.2994 13.4643 -1.91399 
18.5323 13.4231 -1.88327 
18.7653 13.3819 -1.85255 
18.9983 13.3406 -1.82183 
19.2312 13.2994 -1.79111 
19.4642 13.2582 -1.76039 
19.6972 13.217 -1.72967 
19.9301 13.1757 -1.69895 
20.1631 13.1345 -1.66823 
20.3961 13.0933 -1.63752 
20.4296 12.9935 -1.60649 
20.4632 12.8937 -1.57547 
20.4967 12.7939 -1.54445 
20.5303 12.6941 -1.51343 
20.5638 12.5943 -1.48241 
20.5973 12.4945 -1.45139 
20.6309 12.3947 -1.42037 
20.6644 12.2949 -1.38935 
20.698 12.1951 -1.35833 
20.7315 12.0953 -1.32731 
20.7651 11.9955 -1.29629 
20.7986 11.8958 -1.26527 
20.8322 11.796 -1.23425 
20.8657 11.6962 -1.20323 
20.8993 11.5964 -1.17221 
20.9328 11.4966 -1.14118 
20.9664 11.3968 -1.11016 
20.9999 11.297 -1.07914 
21.0335 11.1972 -1.04812 
21.067 11.0974 -1.0171 
21.1006 10.9976 -0.986081 
21.1341 10.8978 -0.95506 
21.1676 10.798 -0.92404 
21.2012 10.6982 -0.893019 
21.2347 10.5985 -0.861998 
21.2683 10.4987 -0.830978 
21.3018 10.3989 -0.799957 
21.3354 10.2991 -0.768936 
21.3689 10.1993 -0.737916 
21.4025 10.0995 -0.706895 
21.436 9.99969 -0.675874 
21.4696 9.8999 -0.644854 
21.5031 9.80011 -0.613833 
21.5367 9.70032 -0.582812 
21.5702 9.60052 -0.551792 
21.6038 9.50073 -0.520771 
21.6373 9.40094 -0.48975 
21.6709 9.30115 -0.45873 
21.7044 9.20135 -0.427709 
21.7379 9.10156 -0.396688 
21.7715 9.00177 -0.365668 
21.805 8.90198 -0.334647 
21.8386 8.80218 -0.303626 
21.8721 8.70239 -0.272606 
21.9057 8.6026 -0.241585 
21.9392 8.50281 -0.210564 
21.9728 8.40301 -0.179544 
22.0063 8.30322 -0.148523 
22.0399 8.20343 -0.117502 
22.0734 8.10363 -0.0864818 
22.107 8.00384 -0.0554611 
22.1405 7.90405 -0.0244404 
22.1741 7.80426 0.00658022 
22.5273 7.70372 0.0057577 
22.8805 7.60319 0.00493517 
23.2338 7.50266 0.00411264 
23.587 7.40213 0.00329011 
23.9403 7.3016 0.00246758 
24.2935 7.20106 0.00164506 
24.6468 7.10053 0.000822528 
25 7 0 

25 7 0