2.675 6.5 1.5708 
2.77583 6.55187 1.54122 
2.87667 6.60373 1.51164 
2.9775 6.6556 1.48206 
3.07833 6.70746 1.45249 
3.17917 6.75933 1.42291 
3.28 6.8112 1.39333 
3.38083 6.86306 1.36375 
3.48166 6.91493 1.33418 
3.5825 6.96679 1.3046 
3.68333 7.01866 1.27502 
3.78416 7.07053 1.24544 
3.885 7.12239 1.21587 
3.98583 7.17426 1.18629 
4.08666 7.22613 1.15671 
4.1875 7.27799 1.12714 
4.28833 7.32986 1.09756 
4.38916 7.38172 1.06798 
4.73101 7.55544 1.04127 
5.07286 7.72915 1.01456 
5.41471 7.90286 0.987856 
5.75656 8.07657 0.961148 
6.0984 8.25028 0.93444 
6.44025 8.424 0.907732 
6.7821 8.59771 0.881023 
7.12395 8.77142 0.854315 
7.4658 8.94513 0.827607 
7.80764 9.11885 0.800899 
8.14949 9.29256 0.774191 
8.49134 9.46627 0.747483 
8.83319 9.63998 0.720775 
9.17504 9.81369 0.694066 
9.51688 9.98741 0.667358 
9.85873 10.1611 0.64065 
10.0824 10.4738 0.611419 
10.306 10.7864 0.582188 
10.5297 11.099 0.552957 
10.7533 11.4117 0.523726 
10.977 11.7243 0.494495 
11.2006 12.037 0.465264 
11.4243 12.3496 0.436033 
11.6479 12.6623 0.406801 
11.8716 12.9749 0.37757 
12.0952 13.2875 0.348339 
12.3188 13.6002 0.319108 
12.5425 13.9128 0.289877 
12.2251 14.1448 0.306336 
11.9076 14.3768 0.322795 
11.5902 14.6089 0.339254 
11.2728 14.8409 0.355712 
10.9553 15.0729 0.372171 
10.6379 15.3049 0.38863 
10.3204 15.5369 0.405089 
10.003 15.7689 0.421548 
9.68558 16.0009 0.438007 
9.36814 16.2329 0.454465 
9.05071 16.4649 0.470924 
8.73327 16.6969 0.487383 
8.41584 16.9289 0.503842 
8.0984 17.1609 0.520301 
7.92844 17.489 0.530173 
7.75847 17.817 0.540046 
7.58851 18.1451 0.549919 
7.41855 18.4731 0.559791 
7.24858 18.8012 0.569664 
7.07862 19.1292 0.579537 
6.90865 19.4572 0.58941 
6.73869 19.7853 0.599282 
6.83056 19.8287 0.569264 
6.92242 19.872 0.539246 
7.01429 19.9154 0.509228 
7.10616 19.9588 0.47921 
7.19802 20.0021 0.449192 
7.28989 20.0455 0.419174 
7.38176 20.0889 0.389156 
7.47362 20.1322 0.359138 
7.56549 20.1756 0.32912 
7.65736 20.219 0.299102 
7.74922 20.2623 0.269084 
7.84109 20.3057 0.239066 
7.93296 20.3491 0.209047 
8.02482 20.3924 0.179029 
8.11669 20.4358 0.149011 
8.20856 20.4792 0.118993 
8.30042 20.5226 0.0889752 
8.41702 20.1855 0.074146 
8.53362 19.8484 0.0593168 
8.65021 19.5113 0.0444876 
8.76681 19.1742 0.0296584 
8.8834 18.8371 0.0148292 
9 18.5 0 

9 18.5 0