-2 0 0 
-2.02231 -0.0277908 0.0304577 
-2.04461 -0.0555817 0.0609154 
-2.06692 -0.0833725 0.0913731 
-2.08923 -0.111163 0.121831 
-2.11153 -0.138954 0.152288 
-2.13384 -0.166745 0.182746 
-2.15614 -0.194536 0.213204 
-2.17845 -0.222327 0.243661 
-2.20076 -0.250117 0.274119 
-2.22306 -0.277908 0.304577 
-2.24537 -0.305699 0.335035 
-2.26768 -0.33349 0.365492 
-2.28998 -0.361281 0.39595 
-2.31229 -0.389072 0.426408 
-2.3346 -0.416862 0.456865 
-2.3569 -0.444653 0.487323 
-2.37921 -0.472444 0.517781 
-2.40152 -0.500235 0.548238 
-2.42382 -0.528026 0.578696 
-2.44613 -0.555817 0.609154 
-2.46843 -0.583607 0.639611 
-2.49074 -0.611398 0.670069 
-2.51305 -0.639189 0.700527 
-2.53535 -0.66698 0.730984 
-2.50679 -0.729498 0.76169 
-2.47822 -0.792016 0.792396 
-2.44966 -0.854534 0.823101 
-2.42109 -0.917053 0.853807 
-2.39252 -0.979571 0.884513 
-2.36396 -1.04209 0.915219 
-2.29619 -1.08469 0.936825 
-2.22842 -1.12729 0.958432 
-2.16064 -1.16988 0.980039 
-2.13859 -1.17087 1.00924 
-2.11653 -1.17186 1.03844 
-2.09447 -1.17285 1.06764 
-2.07241 -1.17384 1.09684 
-2.05035 -1.17482 1.12604 
-2.02829 -1.17581 1.15525 
-2.00623 -1.1768 1.18445 
-1.98417 -1.17779 1.21365 
-1.96211 -1.17878 1.24285 
-1.94005 -1.17977 1.27205 
-1.91799 -1.18075 1.30125 
-1.89593 -1.18174 1.33045 
-1.87388 -1.18273 1.35965 
-1.80948 -1.12795 1.34729 
-1.74509 -1.07316 1.33492 
-1.6807 -1.01838 1.32256 
-1.61631 -0.963593 1.3102 
-1.55191 -0.908809 1.29783 
-1.48752 -0.854024 1.28547 
-1.42313 -0.79924 1.2731 
-1.35874 -0.744456 1.26074 
-1.29434 -0.689672 1.24838 
-1.22995 -0.634888 1.23601 
-1.16556 -0.580103 1.22365 
-1.10117 -0.525319 1.21128 
-1.03678 -0.470535 1.19892 
-0.972383 -0.415751 1.18656 
-0.959816 -0.389028 1.21703 
-0.947249 -0.362304 1.2475 
-0.934681 -0.335581 1.27797 
-0.922114 -0.308858 1.30844 
-0.909546 -0.282135 1.33891 
-0.896979 -0.255412 1.36938 
-0.884411 -0.228688 1.39985 
-0.871844 -0.201965 1.43032 
-0.859276 -0.175242 1.46079 
-0.846709 -0.148519 1.49127 
-0.834142 -0.121795 1.52174 
-0.821574 -0.0950722 1.55221 
-0.809007 -0.068349 1.58268 
-0.796439 -0.0416257 1.61315 
-0.738134 -0.0394063 1.58264 
-0.679828 -0.0371868 1.55212 
-0.621523 -0.0349674 1.52161 
-0.563218 -0.0327479 1.4911 
-0.504912 -0.0305285 1.46058 
-0.446607 -0.0283091 1.43007 
-0.388302 -0.0260896 1.39955 
-0.329996 -0.0238702 1.36904 
-0.271691 -0.0216507 1.33853 
-0.213385 -0.0194313 1.30801 
-0.15508 -0.0172118 1.2775 
-0.0967746 -0.0149924 1.24699 
-0.0384693 -0.0127729 1.21647 
0.0198361 -0.0105535 1.18596 
0.0781415 -0.00833403 1.15545 
0.136447 -0.00611458 1.12493 
0.194752 -0.00389513 1.09442 
0.253058 -0.00167569 1.06391 
0.311363 0.000543761 1.03339 
0.369668 0.00276321 1.00288 
0.427974 0.00498266 0.972366 
0.486279 0.0072021 0.941852 
0.544585 0.00942155 0.911339 
0.60289 0.011641 0.880825 
0.664258 -0.0466896 0.858616 
0.725627 -0.10502 0.836406 
0.786995 -0.163351 0.814196 
0.848364 -0.221682 0.791986 
0.909732 -0.280012 0.769776 
0.9711 -0.338343 0.747566 
1.03247 -0.396673 0.725357 
1.09384 -0.455004 0.703147 
1.15521 -0.513335 0.680937 
1.21657 -0.571665 0.658727 
1.27794 -0.629996 0.636517 
1.33931 -0.688327 0.614308 
1.40068 -0.746657 0.592098 
1.46205 -0.804988 0.569888 
1.52342 -0.863319 0.547678 
1.58478 -0.921649 0.525468 
1.64615 -0.97998 0.503259 
1.70752 -1.03831 0.481049 
1.76889 -1.09664 0.458839 
1.83026 -1.15497 0.436629 
1.89163 -1.2133 0.414419 
1.90361 -1.21327 0.38328 
1.91559 -1.21325 0.35214 
1.92757 -1.21322 0.321 
1.93955 -1.21319 0.28986 
1.95153 -1.21316 0.25872 
1.96351 -1.21313 0.22758 
1.97549 -1.21311 0.19644 
1.98747 -1.21308 0.165301 
1.99946 -1.21305 0.134161 
2.01144 -1.21302 0.103021 
2.02342 -1.21299 0.0718811 
2.0354 -1.21296 0.0407413 
2.04738 -1.21294 0.00960146 
2.05936 -1.21291 -0.0215384 
2.07134 -1.21288 -0.0526782 
2.08332 -1.21285 -0.0838181 
2.0953 -1.21282 -0.114958 
2.10728 -1.2128 -0.146098 
2.11926 -1.21277 -0.177238 
2.13125 -1.21274 -0.208377 
2.14323 -1.21271 -0.239517 
2.15521 -1.21268 -0.270657 
2.16719 -1.21266 -0.301797 
2.17917 -1.21263 -0.332937 
2.19115 -1.2126 -0.364077 
2.20313 -1.21257 -0.395216 
2.21511 -1.21254 -0.426356 
2.22709 -1.21251 -0.457496 
2.23907 -1.21249 -0.488636 
2.25105 -1.21246 -0.519776 
2.26304 -1.21243 -0.550916 
2.27502 -1.2124 -0.582056 
2.287 -1.21237 -0.613195 
2.29898 -1.21235 -0.644335 
2.31096 -1.21232 -0.675475 
2.32294 -1.21229 -0.706615 
2.33492 -1.21226 -0.737755 
2.3469 -1.21223 -0.768895 
2.35888 -1.21221 -0.800034 
2.37086 -1.21218 -0.831174 
2.38285 -1.21215 -0.862314 
2.39483 -1.21212 -0.893454 
2.40681 -1.21209 -0.924594 
2.41879 -1.21206 -0.955734 
2.43077 -1.21204 -0.986873 
2.44275 -1.21201 -1.01801 
2.45473 -1.21198 -1.04915 
2.46671 -1.21195 -1.08029 
2.47869 -1.21192 -1.11143 
2.49067 -1.2119 -1.14257 
2.50265 -1.21187 -1.17371 
2.51464 -1.21184 -1.20485 
2.52662 -1.21181 -1.23599 
2.5386 -1.21178 -1.26713 
2.55058 -1.21175 -1.29827 
2.56256 -1.21173 -1.32941 
2.57454 -1.2117 -1.36055 
2.58652 -1.21167 -1.39169 
2.5985 -1.21164 -1.42283 
2.61048 -1.21161 -1.45397 
2.62246 -1.21159 -1.48511 
2.63445 -1.21156 -1.51625 
2.64643 -1.21153 -1.54739 
2.65841 -1.2115 -1.57853 
2.67039 -1.21147 -1.60967 
2.68237 -1.21145 -1.64081 
2.69435 -1.21142 -1.67195 
2.70633 -1.21139 -1.70309 
2.71831 -1.21136 -1.73423 
2.73029 -1.21133 -1.76537 
2.74227 -1.2113 -1.79651 
2.75425 -1.21128 -1.82765 
2.76624 -1.21125 -1.85879 
2.76471 -1.12824 -1.887 
2.76318 -1.04522 -1.91522 
2.76165 -0.962212 -1.94344 
2.76013 -0.8792 -1.97165 
2.7586 -0.796188 -1.99987 
2.75707 -0.713176 -2.02808 
2.75555 -0.630164 -2.0563 
2.75402 -0.547152 -2.08451 
2.75249 -0.46414 -2.11273 
2.75096 -0.381128 -2.14094 
2.74944 -0.298115 -2.16916 
2.74791 -0.215103 -2.19737 
2.74638 -0.132091 -2.22559 
2.74486 -0.0490792 -2.25381 
2.74333 0.0339329 -2.28202 
2.7418 0.116945 -2.31024 
2.71433 0.112614 -2.34103 
2.68685 0.108282 -2.37182 
2.65938 0.103951 -2.40261 
2.6319 0.0996199 -2.4334 
2.60443 0.0952886 -2.46419 
2.57696 0.0909573 -2.49498 
2.54948 0.086626 -2.52577 
2.52201 0.0822947 -2.55656 
2.49453 0.0779634 -2.58736 
2.46706 0.0736321 -2.61815 
2.43959 0.0693008 -2.64894 
2.41211 0.0649695 -2.67973 
2.38464 0.0606382 -2.71052 
2.35716 0.0563069 -2.74131 
2.32969 0.0519756 -2.7721 
2.30222 0.0476443 -2.80289 
2.27474 0.043313 -2.83368 
2.24727 0.0389817 -2.86447 
2.21979 0.0346504 -2.89526 
2.19232 0.0303191 -2.92606 
2.16484 0.0259878 -2.95685 
2.13737 0.0216565 -2.98764 
2.1099 0.0173252 -3.01843 
2.08242 0.0129939 -3.04922 
2.05495 0.0086626 -3.08001 
2.02747 0.0043313 -3.1108 
2 0 -3.14159 

2 0 -3.14159