2.5 2.5 0 
2.55369 2.54191 -0.00317387 
2.60738 2.58381 -0.00634775 
2.66107 2.62572 -0.00952162 
2.71476 2.66762 -0.0126955 
2.76844 2.70953 -0.0158694 
2.82213 2.75143 -0.0190432 
2.87582 2.79334 -0.0222171 
2.92951 2.83524 -0.025391 
2.9832 2.87715 -0.0285649 
3.03689 2.91905 -0.0317387 
3.09058 2.96096 -0.0349126 
3.14427 3.00286 -0.0380865 
3.19795 3.04477 -0.0412604 
3.25164 3.08667 -0.0444342 
3.30533 3.12858 -0.0476081 
3.36375 3.1639 -0.0617595 
3.42217 3.19921 -0.0759108 
3.48059 3.23453 -0.0900622 
3.53901 3.26985 -0.104214 
3.59742 3.30516 -0.118365 
3.65584 3.34048 -0.132516 
3.71426 3.3758 -0.146668 
3.71596 3.42907 -0.1738 
3.71765 3.48235 -0.200931 
3.71935 3.53562 -0.228063 
3.69713 3.5921 -0.236268 
3.67491 3.64857 -0.244472 
3.65269 3.70505 -0.252677 
3.58856 3.70919 -0.25803 
3.52443 3.71333 -0.263383 
3.4603 3.71748 -0.268737 
3.39617 3.72162 -0.27409 
3.3292 3.72118 -0.274507 
3.26223 3.72075 -0.274924 
3.19526 3.72031 -0.275341 
3.12829 3.71988 -0.275758 
3.06132 3.71944 -0.276175 
2.99435 3.719 -0.276592 
2.92738 3.71857 -0.27701 
2.86041 3.71813 -0.277427 
2.79345 3.71769 -0.277844 
2.72648 3.71726 -0.278261 
2.65951 3.71682 -0.278678 
2.59254 3.71638 -0.279095 
2.52557 3.71595 -0.279512 
2.45524 3.71981 -0.28057 
2.38491 3.72368 -0.281628 
2.31458 3.72754 -0.282686 
2.24425 3.73141 -0.283744 
2.17392 3.73528 -0.284802 
2.10359 3.73914 -0.28586 
2.03326 3.74301 -0.286918 
1.96293 3.74687 -0.287976 
1.89259 3.75074 -0.289034 
1.82226 3.7546 -0.290092 
1.75193 3.75847 -0.29115 
1.6816 3.76233 -0.292208 
1.61595 3.74869 -0.290611 
1.5503 3.73506 -0.289015 
1.48464 3.72142 -0.287418 
1.41899 3.70778 -0.285822 
1.37758 3.67486 -0.290123 
1.33617 3.64194 -0.294424 
1.29476 3.60902 -0.298725 
1.29228 3.54542 -0.299029 
1.28979 3.48182 -0.299333 
1.28731 3.41823 -0.299637 
1.28482 3.35463 -0.299941 
1.28234 3.29103 -0.300245 
1.27985 3.22743 -0.300549 
1.27737 3.16383 -0.300854 
1.27488 3.10024 -0.301158 
1.2724 3.03664 -0.301462 
1.27228 2.96839 -0.303642 
1.27216 2.90013 -0.305821 
1.27205 2.83188 -0.308001 
1.27193 2.76363 -0.310181 
1.27182 2.69537 -0.312361 
1.2717 2.62712 -0.31454 
1.27159 2.55887 -0.31672 
1.27147 2.49061 -0.3189 
1.27135 2.42236 -0.32108 
1.27124 2.35411 -0.323259 
1.27112 2.28585 -0.325439 
1.27123 2.22596 -0.32647 
1.27134 2.16607 -0.3275 
1.27144 2.10618 -0.32853 
1.27155 2.04629 -0.329561 
1.27165 1.9864 -0.330591 
1.27176 1.92651 -0.331622 
1.27343 1.88518 -0.361279 
1.2751 1.84386 -0.390935 
1.27677 1.80254 -0.420592 
1.27844 1.76122 -0.450249 
1.28011 1.7199 -0.479906 
1.28179 1.67858 -0.509563 
1.28346 1.63726 -0.53922 
1.28513 1.59594 -0.568877 
1.2868 1.55462 -0.598534 
1.28847 1.5133 -0.628191 
1.29014 1.47198 -0.657848 
1.29181 1.43066 -0.687505 
1.30753 1.38422 -0.711366 
1.33662 1.35541 -0.737082 
1.36571 1.3266 -0.762798 
1.3948 1.29778 -0.788514 
1.42389 1.26897 -0.81423 
1.45298 1.24016 -0.839946 
1.51533 1.24095 -0.858129 
1.57768 1.24175 -0.876312 
1.64003 1.24254 -0.894495 
1.70238 1.24334 -0.912677 
1.76473 1.24413 -0.93086 
1.82708 1.24492 -0.949043 
1.88942 1.24572 -0.967226 
1.95622 1.24464 -0.973444 
2.02302 1.24355 -0.979661 
2.08981 1.24247 -0.985879 
2.15661 1.24139 -0.992097 
2.2234 1.24031 -0.998315 
2.2902 1.23923 -1.00453 
2.35699 1.23814 -1.01075 
2.42379 1.23706 -1.01697 
2.49059 1.23598 -1.02319 
2.55738 1.2349 -1.0294 
2.62418 1.23382 -1.03562 
2.65476 1.18086 -1.03548 
2.68535 1.12791 -1.03534 
2.71594 1.07496 -1.0352 
2.74652 1.02201 -1.03506 
2.77711 0.969053 -1.03492 
2.72967 0.924092 -1.04576 
2.68223 0.879131 -1.05661 
2.6348 0.83417 -1.06746 
2.58736 0.789209 -1.07831 
2.51877 0.786236 -1.0813 
2.45018 0.783263 -1.08429 
2.38159 0.78029 -1.08728 
2.313 0.777318 -1.09027 
2.24441 0.774345 -1.09326 
2.17582 0.771372 -1.09624 
2.10723 0.768399 -1.09923 
2.03864 0.765427 -1.10222 
1.97006 0.762454 -1.10521 
1.90147 0.759481 -1.1082 
1.83288 0.756508 -1.11119 
1.76429 0.753536 -1.11418 
1.6957 0.750563 -1.11717 
1.62711 0.74759 -1.12016 
1.55852 0.744617 -1.12315 
1.49109 0.749635 -1.12801 
1.42366 0.754653 -1.13287 
1.35623 0.759671 -1.13773 
1.2888 0.764689 -1.1426 
1.22138 0.769707 -1.14746 
1.15395 0.774725 -1.15232 
1.08652 0.779743 -1.15719 
1.01909 0.784761 -1.16205 
0.951661 0.789779 -1.16691 
0.884232 0.794797 -1.17178 
0.816803 0.799815 -1.17664 
0.802192 0.859106 -1.17986 
0.78758 0.918397 -1.18309 
0.772968 0.977688 -1.18631 
0.758356 1.03698 -1.18954 
0.743744 1.09627 -1.19276 
0.729132 1.15556 -1.19598 
0.731644 1.22564 -1.20244 
0.734155 1.29571 -1.20889 
0.736666 1.36579 -1.21534 
0.739178 1.43586 -1.22179 
0.741689 1.50594 -1.22824 
0.7442 1.57602 -1.23469 
0.746712 1.64609 -1.24114 
0.749223 1.71617 -1.24759 
0.751734 1.78624 -1.25404 
0.754246 1.85632 -1.26049 
0.755557 1.92179 -1.26096 
0.756869 1.98726 -1.26143 
0.75818 2.05273 -1.2619 
0.759492 2.1182 -1.26236 
0.760803 2.18367 -1.26283 
0.762115 2.24913 -1.2633 
0.763427 2.3146 -1.26377 
0.764738 2.38007 -1.26424 
0.76605 2.44554 -1.2647 
0.767361 2.51101 -1.26517 
0.76863 2.58152 -1.26894 
0.769899 2.65203 -1.27271 
0.771168 2.72254 -1.27648 
0.772437 2.79305 -1.28025 
0.773705 2.86356 -1.28402 
0.774974 2.93407 -1.28778 
0.776243 3.00458 -1.29155 
0.777512 3.07509 -1.29532 
0.778781 3.1456 -1.29909 
0.780049 3.21611 -1.30286 
0.781318 3.28662 -1.30663 
0.782587 3.35713 -1.3104 
0.783856 3.42765 -1.31417 
0.785125 3.49816 -1.31793 
0.786393 3.56867 -1.3217 
0.786547 3.63456 -1.32279 
0.786701 3.70046 -1.32387 
0.786854 3.76636 -1.32495 
0.787008 3.83226 -1.32603 
0.787161 3.89816 -1.32711 
0.787315 3.96405 -1.3282 
0.787468 4.02995 -1.32928 
0.787622 4.09585 -1.33036 
0.819739 4.12319 -1.35554 
0.851856 4.15052 -1.38073 
0.883974 4.17786 -1.40591 
0.916091 4.2052 -1.43109 
0.948208 4.23254 -1.45628 
1.01675 4.23326 -1.45812 
1.08529 4.23399 -1.45996 
1.15383 4.23472 -1.4618 
1.22237 4.23545 -1.46365 
1.29091 4.23618 -1.46549 
1.35945 4.23691 -1.46733 
1.42799 4.23764 -1.46917 
1.49653 4.23836 -1.47101 
1.56507 4.23909 -1.47286 
1.63361 4.23982 -1.4747 
1.70215 4.24055 -1.47654 
1.7707 4.24128 -1.47838 
1.83924 4.24201 -1.48022 
1.90778 4.24274 -1.48206 
1.97632 4.24347 -1.48391 
2.04486 4.24419 -1.48575 
2.11062 4.24502 -1.49358 
2.17638 4.24585 -1.5014 
2.24214 4.24667 -1.50923 
2.3079 4.2475 -1.51706 
2.37367 4.24832 -1.52488 
2.43943 4.24915 -1.53271 
2.50519 4.24998 -1.54054 
2.57095 4.2508 -1.54837 
2.63671 4.25163 -1.55619 
2.70248 4.25245 -1.56402 
2.76824 4.25328 -1.57185 
2.834 4.25411 -1.57968 
2.89976 4.25493 -1.5875 
2.96552 4.25576 -1.59533 
3.03508 4.25512 -1.59542 
3.10463 4.25448 -1.59552 
3.17418 4.25384 -1.59561 
3.24374 4.25321 -1.5957 
3.31329 4.25257 -1.5958 
3.38284 4.25193 -1.59589 
3.45239 4.25129 -1.59598 
3.52195 4.25065 -1.59607 
3.5915 4.25002 -1.59617 
3.66105 4.24938 -1.59626 
3.73061 4.24874 -1.59635 
3.80016 4.2481 -1.59645 
3.86971 4.24747 -1.59654 
3.93927 4.24683 -1.59663 
4.00882 4.24619 -1.59673 
4.0595 4.21642 -1.59812 
4.11018 4.18666 -1.59951 
4.16087 4.1569 -1.6009 
4.21155 4.12713 -1.60229 
4.21189 4.05929 -1.60137 
4.21222 3.99145 -1.60045 
4.21256 3.92361 -1.59953 
4.21289 3.85578 -1.59861 
4.21323 3.78794 -1.59769 
4.21356 3.7201 -1.59677 
4.2139 3.65226 -1.59584 
4.21423 3.58442 -1.59492 
4.21457 3.51658 -1.594 
4.2149 3.44874 -1.59308 
4.21524 3.3809 -1.59216 
4.21557 3.31306 -1.59124 
4.21591 3.24522 -1.59032 
4.21624 3.17739 -1.5894 
4.21658 3.10955 -1.58848 
4.21691 3.04171 -1.58756 
4.21725 2.97387 -1.58664 
4.21758 2.90603 -1.58572 
4.27514 2.87316 -1.59812 
4.3327 2.8403 -1.61052 
4.39025 2.80743 -1.62292 
4.44781 2.77457 -1.63532 
4.50536 2.7417 -1.64772 
4.56292 2.70884 -1.66012 
4.62048 2.67597 -1.67252 
4.67803 2.64311 -1.68492 
4.73559 2.61024 -1.69732 
4.73422 2.54033 -1.69468 
4.73286 2.47041 -1.69204 
4.73149 2.4005 -1.68939 
4.73012 2.33058 -1.68675 
4.72875 2.26066 -1.68411 
4.72738 2.19075 -1.68147 
4.72602 2.12083 -1.67882 
4.72465 2.05091 -1.67618 
4.72328 1.981 -1.67354 
4.72191 1.91108 -1.6709 
4.72055 1.84117 -1.66825 
4.71918 1.77125 -1.66561 
4.71781 1.70133 -1.66297 
4.72064 1.63345 -1.66328 
4.72347 1.56557 -1.6636 
4.72631 1.49769 -1.66391 
4.72914 1.42981 -1.66422 
4.73197 1.36193 -1.66454 
4.7348 1.29404 -1.66485 
4.73763 1.22616 -1.66517 
4.74046 1.15828 -1.66548 
4.74329 1.0904 -1.6658 
4.74613 1.02252 -1.66611 
4.74896 0.954636 -1.66643 
4.75179 0.886755 -1.66674 
4.75462 0.818873 -1.66705 
4.75745 0.750992 -1.66737 
4.76028 0.68311 -1.66768 
4.76311 0.615229 -1.668 
4.76595 0.547347 -1.66831 
4.76878 0.479466 -1.66863 
4.72523 0.429947 -1.66583 
4.68168 0.380428 -1.66303 
4.63813 0.33091 -1.66022 
4.59458 0.281391 -1.65742 
4.52483 0.279953 -1.66857 
4.45508 0.278515 -1.67971 
4.38533 0.277078 -1.69085 
4.31558 0.27564 -1.70199 
4.24583 0.274202 -1.71313 
4.17608 0.272764 -1.72427 
4.10633 0.271326 -1.73542 
4.03658 0.269888 -1.74656 
3.96683 0.268451 -1.7577 
3.89708 0.267013 -1.76884 
3.82733 0.265575 -1.77998 
3.75758 0.264137 -1.79113 
3.68783 0.262699 -1.80227 
3.62021 0.261342 -1.79991 
3.55259 0.259985 -1.79755 
3.48498 0.258628 -1.79519 
3.41736 0.25727 -1.79283 
3.34974 0.255913 -1.79047 
3.28212 0.254556 -1.78811 
3.21451 0.253198 -1.78575 
3.14689 0.251841 -1.78339 
3.07927 0.250484 -1.78103 
3.01166 0.249127 -1.77867 
2.94404 0.247769 -1.77631 
2.8734 0.247007 -1.77018 
2.80276 0.246245 -1.76404 
2.73212 0.245482 -1.7579 
2.66148 0.24472 -1.75177 
2.59085 0.243957 -1.74563 
2.52021 0.243195 -1.7395 
2.44957 0.242432 -1.73336 
2.37893 0.24167 -1.72723 
2.30829 0.240908 -1.72109 
2.23765 0.240145 -1.71496 
2.16701 0.239383 -1.70882 
2.09637 0.23862 -1.70268 
2.02574 0.237858 -1.69655 
1.9551 0.237096 -1.69041 
1.88446 0.236333 -1.68428 
1.81636 0.236903 -1.67955 
1.74825 0.237472 -1.67482 
1.68015 0.238041 -1.67009 
1.61205 0.238611 -1.66536 
1.54395 0.23918 -1.66064 
1.47584 0.23975 -1.65591 
1.40774 0.240319 -1.65118 
1.33964 0.240889 -1.64645 
1.27154 0.241458 -1.64172 
1.20343 0.242028 -1.63699 
1.13533 0.242597 -1.63227 
1.06723 0.243167 -1.62754 
0.999127 0.243736 -1.62281 
0.931024 0.244305 -1.61808 
0.862922 0.244875 -1.61335 
0.794819 0.245444 -1.60862 
0.726717 0.246014 -1.6039 
0.658615 0.246583 -1.59917 
0.590512 0.247153 -1.59444 
0.52241 0.247722 -1.58971 
0.454307 0.248292 -1.58498 
0.386205 0.248861 -1.58025 
0.318102 0.249431 -1.57552 
0.25 0.25 -1.5708 

0.25 0.25 -1.5708