2.675 6.5 1.5708 
2.7791 6.55081 1.53946 
2.8832 6.60161 1.50813 
2.9873 6.65242 1.4768 
3.0914 6.70322 1.44547 
3.1955 6.75403 1.41413 
3.2996 6.80483 1.3828 
3.40369 6.85564 1.35147 
3.50779 6.90644 1.32014 
3.61189 6.95725 1.28881 
3.71599 7.00805 1.25747 
3.82009 7.05886 1.22614 
3.92419 7.10966 1.19481 
4.02829 7.16047 1.16348 
4.13239 7.21127 1.13214 
4.23649 7.26208 1.10081 
4.34059 7.31289 1.06948 
4.44469 7.36369 1.03815 
4.54879 7.4145 1.00681 
4.65289 7.4653 0.975483 
4.75698 7.51611 0.94415 
4.86108 7.56691 0.912818 
4.96518 7.61772 0.881486 
5.06928 7.66852 0.850153 
5.17338 7.71933 0.818821 
5.27748 7.77013 0.787489 
5.38158 7.82094 0.756157 
5.48568 7.87174 0.724824 
5.58978 7.92255 0.693492 
5.69388 7.97335 0.66216 
5.79798 8.02416 0.630827 
5.90208 8.07497 0.599495 
6.13292 8.18381 0.569717 
6.36376 8.29265 0.539939 
6.5946 8.40149 0.510161 
6.82544 8.51033 0.480383 
7.05628 8.61917 0.450605 
7.28712 8.72802 0.420827 
7.51795 8.83686 0.391048 
7.74879 8.9457 0.36127 
7.97963 9.05454 0.331492 
8.21047 9.16338 0.301714 
8.44131 9.27223 0.271936 
8.67215 9.38107 0.242158 
8.90299 9.48991 0.21238 
9.13383 9.59875 0.182602 
9.36467 9.70759 0.152824 
9.59551 9.81644 0.123046 
9.82635 9.92528 0.0932676 
10.0572 10.0341 0.0634895 
10.288 10.143 0.0337114 
10.4129 10.3652 0.00359262 
10.5377 10.5874 -0.0265262 
10.6625 10.8096 -0.056645 
10.7873 11.0318 -0.0867638 
10.9122 11.2541 -0.116883 
11.037 11.4763 -0.147001 
11.1618 11.6985 -0.17712 
11.2866 11.9207 -0.207239 
11.4115 12.143 -0.237358 
11.5363 12.3652 -0.267477 
11.6611 12.5874 -0.297595 
11.7859 12.8096 -0.327714 
11.9107 13.0318 -0.357833 
12.0356 13.2541 -0.387952 
12.1604 13.4763 -0.418071 
12.2852 13.6985 -0.448189 
12.41 13.9207 -0.478308 
12.5349 14.143 -0.508427 
12.6597 14.3652 -0.538546 
12.7845 14.5874 -0.568665 
12.4367 14.7513 -0.568133 
12.0889 14.9151 -0.567601 
11.7411 15.079 -0.567069 
11.3934 15.2429 -0.566537 
11.0456 15.4068 -0.566005 
10.6978 15.5706 -0.565474 
10.35 15.7345 -0.564942 
10.0022 15.8984 -0.56441 
9.6544 16.0623 -0.563878 
9.30661 16.2261 -0.563346 
8.95882 16.39 -0.562814 
8.61103 16.5539 -0.562282 
8.26324 16.7177 -0.561751 
8.10265 17.0295 -0.592958 
7.94207 17.3412 -0.624166 
7.78148 17.6529 -0.655374 
7.6209 17.9646 -0.686582 
7.46031 18.2763 -0.717789 
7.29973 18.588 -0.748997 
7.13914 18.8997 -0.780205 
6.97856 19.2114 -0.811413 
6.81797 19.5231 -0.84262 
6.65738 19.8348 -0.873828 
6.85314 19.9136 -0.902835 
7.0489 19.9924 -0.931842 
7.24466 20.0711 -0.960849 
7.44041 20.1499 -0.989856 
7.63617 20.2287 -1.01886 
7.83193 20.3074 -1.04787 
8.02769 20.3862 -1.07688 
8.22344 20.465 -1.10588 
8.4192 20.5437 -1.13489 
8.61496 20.6225 -1.1639 
8.62509 20.5667 -1.13327 
8.63522 20.5108 -1.10264 
8.64536 20.455 -1.07201 
8.65549 20.3991 -1.04138 
8.66562 20.3432 -1.01075 
8.67575 20.2874 -0.980125 
8.68589 20.2315 -0.949496 
8.69602 20.1757 -0.918867 
8.70615 20.1198 -0.888238 
8.71628 20.064 -0.857609 
8.72642 20.0081 -0.82698 
8.73655 19.9523 -0.796351 
8.74668 19.8964 -0.765722 
8.75682 19.8405 -0.735093 
8.76695 19.7847 -0.704465 
8.77708 19.7288 -0.673836 
8.78721 19.673 -0.643207 
8.79735 19.6171 -0.612578 
8.80748 19.5613 -0.581949 
8.81761 19.5054 -0.55132 
8.82774 19.4495 -0.520691 
8.83788 19.3937 -0.490062 
8.84801 19.3378 -0.459433 
8.85814 19.282 -0.428805 
8.86828 19.2261 -0.398176 
8.87841 19.1703 -0.367547 
8.88854 19.1144 -0.336918 
8.89867 19.0586 -0.306289 
8.90881 19.0027 -0.27566 
8.91894 18.9468 -0.245031 
8.92907 18.891 -0.214402 
8.9392 18.8351 -0.183773 
8.94934 18.7793 -0.153144 
8.95947 18.7234 -0.122516 
8.9696 18.6676 -0.0918867 
8.97973 18.6117 -0.0612578 
8.98987 18.5559 -0.0306289 
9 18.5 0 

9 18.5 0