2.675 6.5 1.5708 
2.92654 6.55717 1.53958 
3.17808 6.61433 1.50837 
3.42963 6.6715 1.47716 
3.68117 6.72866 1.44594 
3.93271 6.78583 1.41473 
4.18425 6.84299 1.38352 
4.43579 6.90016 1.35231 
4.68734 6.95732 1.32109 
4.93888 7.01449 1.28988 
5.19042 7.07165 1.25867 
5.44196 7.12882 1.22745 
5.6935 7.18598 1.19624 
5.94505 7.24315 1.16503 
6.19659 7.30031 1.13382 
6.44813 7.35748 1.1026 
6.69967 7.41464 1.07139 
6.95121 7.47181 1.04018 
7.20276 7.52897 1.00896 
7.4543 7.58614 0.977752 
7.61291 7.70463 0.947205 
7.77151 7.82313 0.916658 
7.93012 7.94162 0.886111 
8.08873 8.06011 0.855564 
8.24734 8.17861 0.825017 
8.40595 8.2971 0.79447 
8.56456 8.4156 0.763923 
8.72317 8.53409 0.733376 
8.88177 8.65259 0.702829 
9.04038 8.77108 0.672282 
9.19899 8.88958 0.641735 
9.3576 9.00807 0.611188 
9.51621 9.12656 0.580641 
9.67482 9.24506 0.550094 
9.83342 9.36355 0.519547 
9.99203 9.48205 0.489 
10.1506 9.60054 0.458453 
10.3093 9.71904 0.427907 
10.4679 9.83753 0.39736 
10.6265 9.95602 0.366813 
10.7851 10.0745 0.336266 
10.9437 10.193 0.305719 
11.1023 10.3115 0.275172 
11.2609 10.43 0.244625 
11.4195 10.5485 0.214078 
11.5781 10.667 0.183531 
11.7773 10.9618 0.212785 
11.9765 11.2565 0.24204 
12.1757 11.5513 0.271295 
12.3748 11.846 0.30055 
12.574 12.1408 0.329804 
12.7732 12.4356 0.359059 
12.9724 12.7303 0.388314 
13.1716 13.0251 0.417569 
13.3707 13.3199 0.446823 
13.5699 13.6146 0.476078 
13.7691 13.9094 0.505333 
14.1458 13.8564 0.477773 
14.5224 13.8034 0.450213 
14.8991 13.7505 0.422653 
15.2757 13.6975 0.395093 
15.6524 13.6445 0.367532 
16.0291 13.5915 0.339972 
16.4057 13.5385 0.312412 
16.7824 13.4856 0.284852 
17.159 13.4326 0.257292 
17.5357 13.3796 0.229732 
17.9123 13.3266 0.202172 
18.289 13.2737 0.174612 
18.6657 13.2207 0.147052 
19.0423 13.1677 0.119492 
19.419 13.1147 0.0919315 
19.7956 13.0617 0.0643714 
19.9547 12.7105 0.0330014 
20.1137 12.3593 0.00163147 
20.2727 12.008 -0.0297385 
20.4317 11.6568 -0.0611085 
20.5907 11.3056 -0.0924784 
20.7497 10.9543 -0.123848 
20.9088 10.6031 -0.155218 
21.0678 10.2519 -0.186588 
21.2268 9.90063 -0.217958 
21.3858 9.5494 -0.249328 
21.5448 9.19817 -0.280698 
21.7039 8.84693 -0.312068 
21.8629 8.4957 -0.343438 
22.0219 8.14446 -0.374808 
22.1809 7.79323 -0.406178 
22.3399 7.44199 -0.437548 
22.4989 7.09076 -0.468918 
22.6657 7.08471 -0.437657 
22.8324 7.07866 -0.406396 
22.9992 7.07261 -0.375134 
23.1659 7.06656 -0.343873 
23.3326 7.06051 -0.312612 
23.4994 7.05446 -0.281351 
23.6661 7.04841 -0.25009 
23.8328 7.04235 -0.218828 
23.9996 7.0363 -0.187567 
24.1663 7.03025 -0.156306 
24.3331 7.0242 -0.125045 
24.4998 7.01815 -0.0937836 
24.6665 7.0121 -0.0625224 
24.8333 7.00605 -0.0312612 
25 7 0 

25 7 0